[I] Size of customer set:1000
[J] Size of facility set:10
[h_i] demand quantity of customer i:
[1, 1, 1, 1, 1, 1, 1, 1, 1, 1, 1, 1, 1, 1, 1, 1, 1, 1, 1, 1, 1, 1, 1, 1, 1, 1, 1, 1, 1, 1, 1, 1, 1, 1, 1, 1, 1, 1, 1, 1, 1, 1, 1, 1, 1, 1, 1, 1, 1, 1, 1, 1, 1, 1, 1, 1, 1, 1, 1, 1, 1, 1, 1, 1, 1, 1, 1, 1, 1, 1, 1, 1, 1, 1, 1, 1, 1, 1, 1, 1, 1, 1, 1, 1, 1, 1, 1, 1, 1, 1, 1, 1, 1, 1, 1, 1, 1, 1, 1, 1, 1, 1, 1, 1, 1, 1, 1, 1, 1, 1, 1, 1, 1, 1, 1, 1, 1, 1, 1, 1, 1, 1, 1, 1, 1, 1, 1, 1, 1, 1, 1, 1, 1, 1, 1, 1, 1, 1, 1, 1, 1, 1, 1, 1, 1, 1, 1, 1, 1, 1, 1, 1, 1, 1, 1, 1, 1, 1, 1, 1, 1, 1, 1, 1, 1, 1, 1, 1, 1, 1, 1, 1, 1, 1, 1, 1, 1, 1, 1, 1, 1, 1, 1, 1, 1, 1, 1, 1, 1, 1, 1, 1, 1, 1, 1, 1, 1, 1, 1, 1, 1, 1, 1, 1, 1, 1, 1, 1, 1, 1, 1, 1, 1, 1, 1, 1, 1, 1, 1, 1, 1, 1, 1, 1, 1, 1, 1, 1, 1, 1, 1, 1, 1, 1, 1, 1, 1, 1, 1, 1, 1, 1, 1, 1, 1, 1, 1, 1, 1, 1, 1, 1, 1, 1, 1, 1, 1, 1, 1, 1, 1, 1, 1, 1, 1, 1, 1, 1, 1, 1, 1, 1, 1, 1, 1, 1, 1, 1, 1, 1, 1, 1, 1, 1, 1, 1, 1, 1, 1, 1, 1, 1, 1, 1, 1, 1, 1, 1, 1, 1, 1, 1, 1, 1, 1, 1, 1, 1, 1, 1, 1, 1, 1, 1, 1, 1, 1, 1, 1, 1, 1, 1, 1, 1, 1, 1, 1, 1, 1, 1, 1, 1, 1, 1, 1, 1, 1, 1, 1, 1, 1, 1, 1, 1, 1, 1, 1, 1, 1, 1, 1, 1, 1, 1, 1, 1, 1, 1, 1, 1, 1, 1, 1, 1, 1, 1, 1, 1, 1, 1, 1, 1, 1, 1, 1, 1, 1, 1, 1, 1, 1, 1, 1, 1, 1, 1, 1, 1, 1, 1, 1, 1, 1, 1, 1, 1, 1, 1, 1, 1, 1, 1, 1, 1, 1, 1, 1, 1, 1, 1, 1, 1, 1, 1, 1, 1, 1, 1, 1, 1, 1, 1, 1, 1, 1, 1, 1, 1, 1, 1, 1, 1, 1, 1, 1, 1, 1, 1, 1, 1, 1, 1, 1, 1, 1, 1, 1, 1, 1, 1, 1, 1, 1, 1, 1, 1, 1, 1, 1, 1, 1, 1, 1, 1, 1, 1, 1, 1, 1, 1, 1, 1, 1, 1, 1, 1, 1, 1, 1, 1, 1, 1, 1, 1, 1, 1, 1, 1, 1, 1, 1, 1, 1, 1, 1, 1, 1, 1, 1, 1, 1, 1, 1, 1, 1, 1, 1, 1, 1, 1, 1, 1, 1, 1, 1, 1, 1, 1, 1, 1, 1, 1, 1, 1, 1, 1, 1, 1, 1, 1, 1, 1, 1, 1, 1, 1, 1, 1, 1, 1, 1, 1, 1, 1, 1, 1, 1, 1, 1, 1, 1, 1, 1, 1, 1, 1, 1, 1, 1, 1, 1, 1, 1, 1, 1, 1, 1, 1, 1, 1, 1, 1, 1, 1, 1, 1, 1, 1, 1, 1, 1, 1, 1, 1, 1, 1, 1, 1, 1, 1, 1, 1, 1, 1, 1, 1, 1, 1, 1, 1, 1, 1, 1, 1, 1, 1, 1, 1, 1, 1, 1, 1, 1, 1, 1, 1, 1, 1, 1, 1, 1, 1, 1, 1, 1, 1, 1, 1, 1, 1, 1, 1, 1, 1, 1, 1, 1, 1, 1, 1, 1, 1, 1, 1, 1, 1, 1, 1, 1, 1, 1, 1, 1, 1, 1, 1, 1, 1, 1, 1, 1, 1, 1, 1, 1, 1, 1, 1, 1, 1, 1, 1, 1, 1, 1, 1, 1, 1, 1, 1, 1, 1, 1, 1, 1, 1, 1, 1, 1, 1, 1, 1, 1, 1, 1, 1, 1, 1, 1, 1, 1, 1, 1, 1, 1, 1, 1, 1, 1, 1, 1, 1, 1, 1, 1, 1, 1, 1, 1, 1, 1, 1, 1, 1, 1, 1, 1, 1, 1, 1, 1, 1, 1, 1, 1, 1, 1, 1, 1, 1, 1, 1, 1, 1, 1, 1, 1, 1, 1, 1, 1, 1, 1, 1, 1, 1, 1, 1, 1, 1, 1, 1, 1, 1, 1, 1, 1, 1, 1, 1, 1, 1, 1, 1, 1, 1, 1, 1, 1, 1, 1, 1, 1, 1, 1, 1, 1, 1, 1, 1, 1, 1, 1, 1, 1, 1, 1, 1, 1, 1, 1, 1, 1, 1, 1, 1, 1, 1, 1, 1, 1, 1, 1, 1, 1, 1, 1, 1, 1, 1, 1, 1, 1, 1, 1, 1, 1, 1, 1, 1, 1, 1, 1, 1, 1, 1, 1, 1, 1, 1, 1, 1, 1, 1, 1, 1, 1, 1, 1, 1, 1, 1, 1, 1, 1, 1, 1, 1, 1, 1, 1, 1, 1, 1, 1, 1, 1, 1, 1, 1, 1, 1, 1, 1, 1, 1, 1, 1, 1, 1, 1, 1, 1, 1, 1, 1, 1, 1, 1, 1, 1, 1, 1, 1, 1, 1, 1, 1, 1, 1, 1, 1, 1, 1, 1, 1, 1, 1, 1, 1, 1, 1, 1, 1, 1, 1, 1, 1, 1, 1, 1, 1, 1, 1, 1, 1, 1, 1, 1, 1, 1, 1, 1, 1, 1, 1, 1, 1, 1, 1, 1, 1, 1, 1, 1, 1, 1, 1, 1, 1, 1, 1, 1, 1, 1, 1, 1, 1, 1, 1, 1, 1, 1, 1, 1, 1, 1, 1, 1, 1, 1, 1, 1, 1, 1, 1, 1, 1, 1, 1, 1, 1, 1, 1, 1, 1, 1, 1, 1, 1, 1, 1, 1, 1, 1, 1, 1, 1, 1, 1]
[f_j] fixed cost to build facility j:
[0, 0, 0, 0, 0, 0, 0, 0, 0, 0]
[k_j] capacity of facility at j:
[10000000, 10000000, 10000000, 10000000, 10000000, 10000000, 10000000, 10000000, 10000000, 10000000]
[d_ij] cost to ship a unit of product from location j to customer i: 

[2938, 1571, 2238, 1036, 1873, 1701, 1198, 1518, 2801, 2162, 1028, 755, 815, 1419, 689, 1045, 1380, 1209, 598, 1461, 1615, 500, 427, 1220, 880, 435, 1268, 1242, 894, 1748, 1392, 618, 1516, 517, 394, 1290, 378, 155, 1656, 787, 1743, 1494, 2395, 1027, 1172, 2149, 850, 733, 2448, 596, 1335, 900, 1774, 693, 544, 1576, 506, 201, 1830, 517, 1746, 645, 1564, 159, 702, 1216, 131, 356, 1856, 1070, 777, 761, 1233, 1212, 356, 1306, 1114, 866, 1039, 990, 891, 1229, 1944, 1237, 702, 1895, 1056, 740, 1767, 280, 2004, 553, 1323, 408, 930, 867, 573, 792, 1796, 1508, 2096, 1342, 2265, 664, 1240, 1902, 574, 710, 2502, 1062, 2172, 645, 1222, 671, 1118, 706, 842, 1053, 1795, 1764, 2137, 1753, 2675, 1157, 1509, 2368, 1020, 1015, 2797, 986, 465, 1087, 1520, 1449, 612, 1636, 1321, 1030, 1181, 904, 1822, 806, 134, 1502, 1188, 430, 1567, 1556, 852, 2057, 2507, 968, 1292, 1023, 1477, 740, 1205, 1431, 1971, 2144, 2369, 1616, 2532, 907, 1534, 2142, 850, 1004, 2794, 1292, 3099, 1693, 2302, 1206, 2028, 1756, 1375, 1694, 2900, 2348, 1466, 809, 1715, 522, 562, 1471, 336, 48, 1844, 682, 3280, 1994, 2694, 1383, 2241, 2159, 1514, 1825, 3240, 2397, 2043, 600, 1367, 396, 967, 904, 570, 806, 1844, 1523, 1767, 230, 907, 731, 764, 532, 821, 896, 1376, 1540, 1935, 1236, 2162, 609, 1093, 1826, 479, 562, 2365, 914, 1877, 347, 880, 794, 885, 445, 904, 1004, 1415, 1659, 1464, 86, 974, 723, 454, 762, 735, 697, 1254, 1269, 1205, 338, 952, 939, 324, 901, 905, 769, 1054, 1192, 1338, 467, 1349, 580, 276, 1147, 489, 324, 1495, 894, 1390, 426, 601, 1157, 674, 649, 1170, 1092, 838, 1541, 2468, 932, 1206, 1053, 1453, 655, 1230, 1440, 1894, 2147, 864, 1644, 2296, 1647, 1107, 2298, 1460, 1151, 2007, 493, 3030, 1656, 2306, 1128, 1964, 1766, 1290, 1610, 2881, 2251, 3746, 2211, 2441, 2020, 2687, 1923, 2213, 2510, 3182, 3218, 1635, 1381, 2276, 953, 1046, 2041, 768, 620, 2321, 505, 1812, 518, 1407, 223, 738, 1025, 332, 530, 1771, 1247, 803, 1025, 1702, 1154, 485, 1675, 993, 677, 1532, 494, 1985, 1266, 2191, 620, 1137, 1847, 503, 607, 2407, 961, 2164, 844, 1658, 287, 1096, 1196, 478, 784, 2104, 1483, 1788, 809, 1731, 209, 790, 1385, 40, 332, 1997, 1001, 2319, 1337, 2229, 603, 1367, 1804, 615, 867, 2566, 1358, 1742, 250, 1090, 541, 688, 722, 626, 722, 1501, 1395, 1766, 390, 1272, 359, 690, 898, 450, 591, 1649, 1294, 1605, 511, 418, 1233, 881, 448, 1279, 1249, 876, 1749, 1552, 713, 1634, 387, 572, 1356, 216, 111, 1821, 827, 1572, 104, 1025, 629, 534, 745, 666, 679, 1359, 1302, 1454, 675, 1584, 469, 476, 1337, 312, 85, 1738, 779, 2449, 983, 1614, 671, 1373, 1085, 866, 1155, 2183, 1866, 2176, 876, 519, 1430, 1377, 198, 1544, 1621, 1283, 2224, 3243, 1852, 2464, 1342, 2175, 1917, 1504, 1823, 3063, 2460, 1881, 1311, 2235, 731, 1109, 1925, 580, 591, 2394, 814, 487, 1077, 1536, 1421, 590, 1638, 1290, 996, 1213, 864, 2150, 611, 1089, 784, 1122, 564, 942, 1123, 1690, 1822, 3298, 2218, 3027, 1512, 2338, 2524, 1579, 1848, 3477, 2281, 1595, 1023, 1936, 592, 777, 1671, 399, 270, 2063, 645, 678, 952, 1165, 1499, 657, 1371, 1415, 1177, 790, 1249, 641, 1958, 2424, 2122, 1427, 2548, 1947, 1628, 1956, 1050, 2451, 1424, 2299, 691, 1487, 1854, 730, 995, 2666, 1492, 1990, 845, 1737, 112, 956, 1331, 234, 554, 2088, 1228, 619, 1752, 2283, 1878, 1214, 2365, 1701, 1383, 1884, 804, 3328, 2735, 3647, 2016, 2626, 3233, 1970, 2098, 3903, 2175, 430, 1696, 2159, 1899, 1170, 2280, 1732, 1413, 1718, 911, 1724, 389, 1289, 346, 647, 932, 416, 540, 1642, 1242, 2066, 1359, 2284, 698, 1233, 1932, 594, 703, 2504, 1017, 1827, 287, 960, 692, 808, 551, 796, 897, 1448, 1560, 2058, 649, 636, 1168, 1175, 88, 1284, 1374, 1327, 2000, 1686, 912, 1837, 408, 767, 1533, 218, 240, 2030, 816, 2079, 616, 1350, 447, 1005, 875, 623, 857, 1848, 1575, 3407, 1882, 1889, 1925, 2410, 1428, 2117, 2366, 2659, 3082, 1458, 232, 1145, 586, 392, 907, 574, 529, 1392, 1135, 386, 1162, 1477, 1592, 738, 1654, 1475, 1193, 1055, 1080, 2113, 705, 1478, 359, 1036, 1007, 550, 818, 1954, 1534, 1839, 986, 1911, 365, 904, 1570, 223, 387, 2148, 941, 2671, 1289, 969, 1686, 1820, 640, 1837, 1979, 1746, 2634, 1208, 678, 1518, 704, 281, 1359, 558, 272, 1569, 674, 1380, 1676, 2483, 1430, 1207, 2357, 1235, 989, 2353, 341, 1426, 1376, 2233, 1070, 966, 2054, 876, 649, 2203, 277, 1612, 824, 1747, 397, 671, 1458, 203, 152, 1932, 801, 1639, 401, 1322, 349, 563, 1000, 368, 445, 1626, 1141, 534, 1184, 1313, 1719, 867, 1573, 1625, 1371, 799, 1344, 2676, 1309, 2011, 779, 1608, 1487, 949, 1268, 2548, 1932, 2648, 1225, 1874, 786, 1572, 1341, 972, 1284, 2441, 1973, 1187, 484, 769, 1166, 533, 853, 1145, 1012, 814, 1382, 1606, 674, 1599, 314, 597, 1300, 163, 189, 1819, 905, 2203, 706, 1349, 581, 1135, 840, 763, 1004, 1899, 1722, 2784, 1247, 1576, 1170, 1736, 1027, 1363, 1625, 2269, 2343, 3273, 1958, 2638, 1370, 2225, 2099, 1509, 1824, 3197, 2414, 2643, 1290, 2005, 744, 1578, 1486, 912, 1231, 2533, 1892, 1679, 491, 1411, 267, 611, 1076, 280, 402, 1712, 1113, 267, 1796, 2097, 2122, 1316, 2306, 1972, 1660, 1543, 1253, 986, 961, 1719, 993, 450, 1633, 824, 505, 1630, 423, 3027, 1526, 1981, 1235, 1953, 1429, 1428, 1730, 2644, 2433, 1935, 802, 1701, 70, 900, 1307, 185, 503, 2039, 1187, 1667, 128, 923, 708, 660, 604, 775, 818, 1333, 1446, 2576, 1755, 2658, 1027, 1717, 2240, 1002, 1190, 2960, 1503, 2202, 1342, 2255, 628, 1300, 1863, 582, 777, 2538, 1198, 2287, 1020, 1837, 382, 1234, 1367, 543, 862, 2280, 1528, 2302, 1518, 2434, 809, 1446, 2045, 753, 917, 2701, 1246, 1528, 69, 994, 674, 503, 742, 701, 693, 1309, 1294, 919, 1194, 1922, 1193, 671, 1863, 1012, 695, 1762, 270, 2781, 1251, 1637, 1114, 1722, 1086, 1309, 1582, 2314, 2299, 1932, 1498, 2418, 933, 1253, 2122, 781, 756, 2541, 807]
[2437, 1485, 2375, 750, 1506, 1944, 759, 996, 2713, 1440, 1601, 121, 1030, 615, 561, 734, 660, 687, 1380, 1320, 812, 1250, 1934, 1298, 715, 1908, 1121, 802, 1725, 350, 1407, 1686, 2498, 1427, 1222, 2367, 1233, 992, 2375, 358, 1348, 821, 1703, 633, 493, 1497, 453, 136, 1781, 592, 2263, 999, 1822, 358, 1210, 1355, 520, 839, 2259, 1507, 786, 982, 1645, 1147, 441, 1627, 992, 680, 1474, 551, 1445, 748, 1653, 507, 510, 1412, 333, 20, 1787, 715, 2650, 1158, 1142, 1403, 1698, 653, 1572, 1759, 1897, 2451, 1221, 469, 1295, 708, 149, 1146, 616, 419, 1387, 886, 940, 606, 1192, 1041, 194, 1195, 951, 723, 1114, 964, 1309, 1887, 2636, 1714, 1382, 2564, 1518, 1251, 2419, 542, 2533, 1986, 2910, 1305, 1828, 2544, 1219, 1306, 3112, 1390, 2658, 1157, 1676, 909, 1585, 1128, 1104, 1391, 2303, 2104, 2963, 1439, 1499, 1537, 1969, 1004, 1723, 1953, 2254, 2664, 713, 1132, 1772, 1272, 591, 1772, 1108, 790, 1551, 501, 2530, 1094, 1748, 694, 1453, 1220, 886, 1190, 2309, 1891, 1032, 1199, 1966, 1130, 697, 1875, 943, 634, 1843, 183, 1906, 395, 1131, 548, 851, 693, 677, 832, 1612, 1527, 3142, 1651, 1547, 1821, 2190, 1121, 2003, 2218, 2322, 2922, 2523, 1597, 2487, 863, 1609, 2054, 867, 1093, 2823, 1500, 1116, 429, 1092, 915, 184, 1038, 852, 673, 1133, 1050, 2014, 1138, 2057, 448, 1088, 1686, 372, 571, 2325, 1066, 2290, 811, 869, 1175, 1352, 327, 1321, 1466, 1585, 2135, 1759, 322, 690, 947, 843, 358, 1028, 1071, 1210, 1673, 2732, 1367, 2061, 833, 1665, 1534, 1002, 1321, 2604, 1980, 1879, 1470, 2387, 925, 1210, 2101, 766, 722, 2498, 753, 1987, 791, 327, 1426, 1250, 234, 1517, 1552, 1075, 2112, 2751, 1362, 2033, 861, 1680, 1500, 1035, 1353, 2591, 2021, 2796, 1761, 2612, 1036, 1842, 2141, 1085, 1346, 3011, 1795, 682, 891, 1198, 1404, 555, 1357, 1313, 1070, 884, 1146, 1207, 497, 1320, 715, 143, 1174, 615, 405, 1401, 858, 2028, 1658, 2577, 1085, 1401, 2282, 938, 913, 2687, 881, 2380, 986, 763, 1429, 1516, 341, 1568, 1690, 1529, 2335, 2072, 784, 1628, 194, 1007, 1186, 388, 690, 2044, 1392, 2362, 824, 1158, 959, 1343, 607, 1131, 1334, 1823, 2039, 1040, 608, 1343, 875, 71, 1264, 762, 510, 1330, 799, 1955, 1438, 2362, 848, 1225, 2051, 705, 713, 2512, 852, 2504, 995, 1530, 805, 1434, 986, 999, 1271, 2143, 1988, 2612, 1073, 1382, 1088, 1578, 831, 1275, 1513, 2071, 2229, 1007, 2216, 2754, 2277, 1676, 2838, 2091, 1780, 2318, 1112, 3001, 1840, 2632, 1154, 2001, 2128, 1247, 1538, 3100, 2052, 2353, 1162, 2001, 468, 1323, 1538, 586, 899, 2421, 1518, 1945, 675, 418, 1298, 1155, 139, 1390, 1434, 1120, 2010, 1825, 697, 1608, 81, 782, 1238, 134, 419, 1924, 1125, 2212, 712, 1348, 591, 1144, 837, 774, 1015, 1902, 1732, 2771, 2281, 3205, 1597, 2112, 2836, 1514, 1594, 3399, 1616, 1442, 663, 1570, 477, 460, 1327, 324, 97, 1722, 781, 2423, 1045, 1777, 548, 1351, 1270, 734, 1046, 2289, 1736, 1322, 1171, 2024, 925, 759, 1850, 731, 465, 2010, 281, 819, 1158, 1082, 1785, 976, 1420, 1721, 1505, 503, 1589, 1721, 290, 695, 937, 806, 392, 1011, 1044, 1190, 1639, 2537, 1650, 772, 2295, 2046, 1063, 2388, 2409, 1286, 2913, 1050, 497, 1003, 1061, 311, 1026, 1004, 824, 982, 1146, 2126, 1334, 2254, 643, 1252, 1882, 566, 724, 2507, 1104, 2125, 1481, 2407, 824, 1334, 2057, 718, 806, 2611, 1041, 2467, 938, 1150, 1110, 1467, 602, 1282, 1481, 1852, 2183, 1207, 554, 695, 1253, 628, 838, 1238, 1110, 722, 1470, 1026, 525, 1164, 962, 142, 1133, 880, 669, 1145, 979, 2163, 2089, 2991, 1568, 1755, 2737, 1410, 1328, 3013, 1031, 1524, 811, 313, 1545, 1044, 706, 1570, 1493, 554, 1895, 2473, 959, 1482, 803, 1407, 939, 996, 1260, 2098, 1978, 2092, 1465, 2391, 818, 1308, 2048, 705, 781, 2587, 1006, 2493, 973, 1472, 838, 1429, 926, 1030, 1292, 2098, 2010, 2748, 1416, 2135, 843, 1688, 1613, 1000, 1319, 2662, 1960, 2267, 731, 1082, 920, 1255, 534, 1083, 1270, 1732, 1968, 2047, 782, 1638, 159, 985, 1204, 352, 656, 2040, 1356, 1514, 546, 1467, 392, 472, 1196, 291, 229, 1676, 923, 2083, 1270, 2191, 581, 1195, 1820, 502, 668, 2446, 1082, 1253, 946, 1796, 788, 539, 1626, 602, 292, 1810, 434, 1628, 989, 1908, 533, 775, 1629, 341, 251, 2057, 702, 1721, 509, 1423, 235, 652, 1074, 274, 429, 1741, 1145, 1715, 792, 147, 1509, 1128, 521, 1560, 1526, 743, 1995, 2337, 1141, 1979, 449, 1305, 1516, 571, 885, 2399, 1510, 3444, 1914, 2207, 1708, 2381, 1673, 1902, 2197, 2929, 2906, 2335, 1365, 2258, 631, 1390, 1834, 640, 885, 2593, 1363, 1868, 388, 745, 928, 926, 320, 1029, 1105, 1311, 1735, 2471, 1380, 2238, 656, 1481, 1780, 723, 1008, 2631, 1546, 2089, 864, 392, 1468, 1338, 236, 1569, 1621, 1159, 2197, 1403, 923, 1812, 655, 601, 1594, 463, 184, 1888, 543, 1815, 816, 1737, 190, 813, 1383, 55, 360, 2013, 1026, 2611, 1241, 1950, 717, 1542, 1429, 892, 1209, 2481, 1880, 1485, 554, 1471, 420, 449, 1210, 310, 211, 1666, 896, 1659, 1825, 2674, 1469, 1401, 2502, 1280, 1089, 2597, 571, 2709, 1319, 1009, 1702, 1852, 675, 1856, 2003, 1786, 2662, 1000, 1081, 1843, 1059, 574, 1755, 879, 562, 1735, 301, 954, 701, 1402, 954, 160, 1349, 829, 555, 1336, 742, 1676, 713, 1639, 257, 668, 1320, 91, 240, 1880, 945, 1140, 920, 714, 1619, 922, 1064, 1594, 1438, 368, 1688, 2563, 1699, 2597, 968, 1682, 2172, 955, 1158, 2914, 1509, 2399, 939, 893, 1299, 1479, 388, 1450, 1598, 1637, 2267, 3005, 1534, 2061, 1165, 1928, 1510, 1352, 1663, 2696, 2353, 1035, 827, 801, 1500, 769, 1075, 1463, 1291, 518, 1529, 4055, 2894, 3629, 2225, 3072, 3096, 2315, 2598, 4151, 3045, 3982, 2489, 2871, 2135, 2906, 2329, 2316, 2632, 3575, 3305, 730, 825, 1349, 1203, 351, 1402, 1089, 819, 1148, 878, 726, 1853, 1775, 2400, 1544, 2152, 2299, 2030, 1045, 1861, 1715, 1159, 2078, 652, 929, 1794, 475, 418, 2216, 694, 1710, 274, 1155, 476, 644, 801, 550, 643, 1534, 1323, 2668, 1515, 2337, 817, 1662, 1853, 909, 1205, 2774, 1752]
[2341, 843, 1444, 662, 1271, 916, 853, 1115, 2021, 1833, 1069, 683, 1459, 836, 183, 1354, 701, 420, 1449, 689, 1352, 1335, 2179, 1069, 907, 2015, 874, 626, 2134, 210, 516, 1075, 1328, 1567, 710, 1528, 1466, 1204, 908, 1179, 538, 1408, 1434, 1956, 1103, 1751, 1861, 1603, 806, 1525, 768, 1702, 2306, 1755, 1161, 2341, 1571, 1257, 1970, 628, 1782, 391, 617, 1025, 898, 295, 1107, 1146, 1169, 1738, 1855, 683, 1585, 56, 803, 1204, 183, 463, 1921, 1172, 2713, 1413, 2158, 807, 1661, 1644, 955, 1273, 2666, 1901, 1261, 570, 1427, 644, 246, 1251, 522, 286, 1520, 784, 2458, 1488, 2374, 753, 1519, 1938, 769, 1013, 2720, 1466, 2806, 1372, 1983, 941, 1730, 1441, 1125, 1439, 2574, 2123, 1376, 545, 1439, 529, 344, 1219, 414, 230, 1588, 841, 1517, 210, 722, 942, 631, 566, 977, 948, 1073, 1487, 3542, 2338, 3074, 1681, 2535, 2546, 1785, 2079, 3594, 2581, 2318, 1497, 2410, 781, 1444, 2013, 736, 917, 2690, 1275, 3212, 1704, 2116, 1421, 2139, 1566, 1612, 1916, 2798, 2617, 2850, 1988, 2876, 1254, 1982, 2433, 1253, 1458, 3211, 1770, 142, 1456, 1705, 1870, 1024, 1928, 1742, 1448, 1175, 1213, 1323, 361, 1226, 642, 246, 1042, 580, 447, 1385, 990, 1185, 419, 1196, 784, 123, 1080, 709, 528, 1278, 964, 2307, 1344, 2240, 611, 1363, 1820, 615, 858, 2569, 1337, 2185, 812, 622, 1320, 1333, 146, 1443, 1539, 1365, 2164, 2821, 1290, 1420, 1377, 1816, 901, 1562, 1792, 2159, 2503, 1330, 626, 535, 1352, 788, 753, 1356, 1252, 637, 1636, 1411, 960, 1847, 677, 631, 1631, 484, 217, 1918, 520, 926, 1301, 2023, 1278, 777, 1969, 1093, 780, 1841, 230, 1542, 587, 380, 1318, 895, 542, 1353, 1301, 763, 1762, 2282, 750, 1054, 967, 1279, 503, 1128, 1309, 1717, 2004, 2817, 1353, 1918, 984, 1740, 1370, 1173, 1481, 2531, 2177, 780, 776, 1321, 1158, 303, 1360, 1047, 783, 1148, 882, 1210, 1096, 1926, 932, 653, 1777, 742, 444, 1890, 274, 1509, 30, 932, 740, 512, 704, 766, 746, 1247, 1328, 1736, 443, 515, 1118, 909, 305, 1189, 1204, 1062, 1766, 3715, 2487, 3198, 1845, 2701, 2662, 1954, 2252, 3738, 2761, 3088, 1588, 2038, 1289, 2014, 1486, 1481, 1784, 2704, 2485, 1441, 531, 1441, 465, 400, 1197, 359, 229, 1621, 886, 1980, 1197, 2121, 537, 1097, 1768, 430, 569, 2355, 991, 1280, 464, 677, 1176, 609, 760, 1171, 1063, 800, 1468, 2921, 1508, 2130, 1036, 1848, 1587, 1212, 1529, 2718, 2197, 945, 831, 1560, 971, 300, 1493, 822, 517, 1476, 584, 1930, 1398, 2321, 811, 1187, 2011, 665, 673, 2474, 836, 2474, 2098, 3023, 1461, 1874, 2692, 1347, 1374, 3162, 1318, 1483, 1864, 1335, 2564, 1813, 1855, 2529, 2343, 616, 2436, 1705, 754, 1679, 250, 706, 1355, 63, 256, 1923, 947, 3522, 2112, 2674, 1624, 2452, 2123, 1787, 2107, 3302, 2742, 2079, 1100, 2007, 377, 1112, 1612, 360, 618, 2316, 1173, 1239, 392, 1208, 727, 167, 1064, 656, 491, 1321, 970, 1097, 540, 1295, 831, 30, 1200, 729, 499, 1317, 853, 1750, 309, 700, 937, 831, 371, 1016, 1058, 1211, 1660, 2908, 1384, 1458, 1486, 1914, 957, 1671, 1899, 2209, 2610, 3094, 1577, 1974, 1335, 2025, 1424, 1529, 1826, 2658, 2534, 1739, 208, 996, 636, 708, 632, 721, 800, 1429, 1457, 3081, 1549, 1650, 1584, 2070, 1148, 1774, 2020, 2402, 2736, 1222, 815, 1662, 736, 411, 1497, 566, 247, 1692, 545, 2587, 1106, 1682, 809, 1512, 1140, 1004, 1296, 2282, 2006, 1035, 519, 1168, 951, 133, 1131, 869, 659, 1154, 975, 2125, 585, 1072, 777, 1098, 552, 931, 1107, 1667, 1803, 1422, 121, 908, 807, 455, 739, 815, 759, 1170, 1298, 2600, 1099, 1132, 1332, 1638, 624, 1501, 1690, 1878, 2384, 1361, 1186, 2047, 914, 787, 1864, 719, 466, 2044, 305, 994, 556, 1176, 991, 157, 1157, 906, 687, 1135, 971, 2697, 1509, 2315, 827, 1679, 1822, 932, 1235, 2769, 1800, 1169, 850, 1678, 797, 412, 1531, 626, 307, 1680, 503, 2664, 1261, 989, 1638, 1795, 626, 1791, 1940, 1765, 2602, 2524, 1265, 2056, 622, 1479, 1563, 762, 1079, 2524, 1708, 2242, 1438, 2354, 730, 1371, 1967, 673, 844, 2622, 1205, 1624, 709, 251, 1435, 1025, 538, 1478, 1432, 723, 1891, 1310, 961, 1826, 756, 580, 1639, 566, 268, 1858, 449, 1171, 738, 668, 1440, 776, 932, 1421, 1278, 538, 1583, 2441, 1085, 1831, 551, 1372, 1327, 730, 1046, 2334, 1726, 1476, 66, 951, 738, 475, 737, 755, 722, 1241, 1294, 2730, 1452, 2209, 828, 1684, 1698, 967, 1283, 2707, 1897, 665, 902, 1424, 1251, 411, 1483, 1128, 846, 1191, 836, 1615, 805, 1729, 380, 664, 1437, 187, 152, 1920, 817, 2335, 802, 1090, 994, 1330, 538, 1160, 1349, 1764, 2047, 2781, 1847, 1001, 2463, 2266, 1224, 2568, 2608, 1527, 3135, 2047, 863, 331, 1489, 1322, 274, 1583, 1623, 1098, 2184, 1463, 839, 1743, 544, 579, 1502, 355, 79, 1863, 656, 2436, 896, 1237, 977, 1408, 685, 1156, 1374, 1907, 2084, 1762, 831, 1756, 258, 780, 1421, 75, 300, 2004, 955, 324, 1588, 1711, 2060, 1204, 1996, 1942, 1657, 1093, 1449, 2718, 1662, 2512, 939, 1752, 2042, 994, 1263, 2914, 1737, 3016, 2425, 3342, 1714, 2306, 2942, 1658, 1779, 3584, 1867, 2041, 706, 1537, 226, 968, 1094, 419, 699, 1966, 1412, 377, 1497, 1600, 1993, 1136, 1890, 1883, 1607, 988, 1447, 646, 1314, 1299, 1894, 1053, 1626, 1812, 1568, 678, 1552, 1261, 287, 1042, 813, 267, 925, 775, 648, 1184, 1123, 2411, 1438, 2326, 703, 1469, 1894, 718, 964, 2669, 1428, 2016, 1549, 2473, 956, 1324, 2163, 816, 819, 2612, 890, 1094, 551, 1308, 830, 39, 1212, 725, 491, 1328, 839, 2662, 1480, 2290, 794, 1645, 1801, 898, 1200, 2739, 1767, 2132, 836, 495, 1402, 1334, 164, 1512, 1584, 1251, 2182, 1422, 392, 1299, 521, 348, 1065, 462, 370, 1498, 989, 2751, 1526, 2310, 865, 1722, 1807, 984, 1292, 2786, 1873, 1535, 306, 625, 1036, 703, 516, 1074, 1044, 1001, 1567, 2775, 1276, 1778, 1004, 1701, 1227, 1199, 1493, 2415, 2202, 974, 768, 1502, 933, 237, 1429, 792, 497, 1439, 640, 2927, 1484, 2065, 1063, 1851, 1518, 1246, 1561, 2673, 2242, 2238, 1176, 2059, 442, 1248, 1630, 489, 775, 2416, 1342]
[1265, 1086, 1931, 887, 665, 1766, 695, 406, 1917, 312, 1944, 408, 941, 768, 937, 474, 892, 1017, 1492, 1688, 2443, 1733, 2651, 1027, 1637, 2262, 966, 1106, 2903, 1344, 2070, 535, 977, 825, 1063, 463, 967, 1118, 1576, 1801, 1397, 1729, 1222, 2428, 1680, 1733, 2394, 2210, 485, 2318, 2207, 1218, 2116, 486, 1245, 1702, 492, 749, 2443, 1273, 2033, 775, 1635, 144, 972, 1205, 337, 641, 2033, 1342, 1518, 1267, 2153, 898, 913, 1936, 705, 514, 2186, 419, 3150, 2057, 1321, 2589, 2529, 1385, 2719, 2807, 1938, 3392, 1953, 415, 962, 752, 941, 492, 879, 1010, 1511, 1685, 875, 1537, 2212, 1529, 1003, 2196, 1342, 1033, 1955, 387, 1456, 2183, 2909, 2011, 1670, 2858, 1816, 1553, 2646, 843, 2491, 1055, 906, 1428, 1593, 455, 1579, 1726, 1669, 2391, 3069, 1582, 2067, 1248, 1993, 1514, 1438, 1745, 2720, 2441, 1199, 377, 1141, 801, 164, 1030, 739, 575, 1236, 1018, 1375, 173, 1002, 755, 369, 833, 743, 666, 1222, 1201, 1836, 304, 1031, 621, 798, 619, 730, 846, 1505, 1522, 955, 847, 1583, 968, 320, 1511, 815, 507, 1500, 560, 2521, 986, 1398, 942, 1471, 847, 1130, 1377, 2054, 2094, 1875, 1400, 547, 2130, 1624, 1096, 2164, 2089, 571, 2449, 2526, 2024, 2949, 1354, 1848, 2592, 1260, 1330, 3135, 1377, 1065, 962, 795, 1646, 917, 1140, 1612, 1441, 375, 1656, 1725, 1516, 2413, 1063, 1181, 2175, 884, 756, 2452, 573, 1744, 916, 1842, 362, 807, 1521, 182, 289, 2058, 877, 1406, 1046, 531, 1775, 1162, 998, 1777, 1657, 260, 1962, 1295, 718, 1588, 633, 380, 1397, 474, 171, 1667, 658, 1533, 1296, 2182, 920, 941, 1964, 729, 542, 2212, 422, 2098, 831, 1678, 202, 1038, 1235, 388, 699, 2090, 1392, 807, 822, 1450, 1099, 291, 1447, 968, 681, 1301, 730, 871, 826, 1507, 1036, 285, 1471, 896, 599, 1390, 651, 1221, 453, 753, 1144, 537, 819, 1127, 1004, 833, 1393, 2322, 953, 1710, 453, 1250, 1216, 643, 951, 2203, 1647, 2124, 1156, 2062, 431, 1165, 1662, 416, 667, 2372, 1199, 2366, 1332, 2211, 598, 1394, 1773, 636, 906, 2572, 1425, 2722, 1644, 2487, 925, 1748, 2012, 989, 1264, 2898, 1754, 1989, 964, 1872, 245, 995, 1484, 237, 527, 2184, 1142, 2212, 930, 519, 1485, 1427, 254, 1600, 1676, 1290, 2277, 1827, 451, 583, 1072, 956, 236, 1160, 1205, 1171, 1798, 2666, 1250, 1905, 797, 1591, 1372, 981, 1294, 2470, 1979, 1911, 445, 1234, 440, 841, 802, 578, 758, 1690, 1465, 718, 841, 1369, 1209, 360, 1421, 1092, 818, 1163, 862, 997, 653, 1371, 914, 113, 1305, 795, 531, 1331, 771, 2815, 1380, 1159, 1693, 1919, 775, 1857, 2028, 1935, 2706, 1719, 638, 1560, 186, 678, 1221, 131, 330, 1841, 1046, 3235, 1721, 2111, 1456, 2164, 1563, 1649, 1950, 2801, 2654, 2631, 1221, 1887, 760, 1557, 1357, 944, 1258, 2444, 1944, 3020, 1656, 1259, 2023, 2187, 1002, 2182, 2338, 2024, 3000, 3294, 1776, 1764, 1853, 2307, 1306, 2042, 2282, 2534, 2996, 1541, 1308, 2193, 928, 953, 1975, 736, 553, 2224, 425, 1274, 451, 693, 1160, 591, 765, 1154, 1044, 815, 1451, 2765, 1316, 1912, 918, 1688, 1369, 1106, 1416, 2509, 2108, 2789, 1593, 2386, 917, 1771, 1886, 1024, 1327, 2853, 1887, 516, 1571, 2101, 1729, 1035, 2180, 1558, 1239, 1724, 728, 3567, 2028, 2186, 1922, 2526, 1682, 2118, 2398, 2938, 3115, 2349, 1583, 2499, 874, 1506, 2108, 818, 976, 2764, 1280, 1675, 538, 1460, 245, 615, 1130, 230, 357, 1747, 1073, 744, 818, 1361, 1183, 334, 1404, 1067, 795, 1170, 856, 1990, 452, 970, 769, 978, 485, 901, 1040, 1535, 1718, 850, 694, 1237, 1119, 263, 1270, 1021, 776, 1100, 945, 2102, 1330, 404, 2027, 1664, 868, 2093, 2071, 864, 2524, 633, 1610, 1557, 2169, 1317, 1915, 2075, 1815, 859, 1706, 4091, 2555, 2604, 2478, 3066, 2142, 2674, 2954, 3375, 3670, 2131, 854, 1692, 235, 1070, 1242, 419, 731, 2114, 1423, 2579, 1460, 2300, 747, 1583, 1828, 826, 1116, 2716, 1655, 1762, 1320, 2236, 810, 1058, 1959, 638, 569, 2346, 671, 2018, 1555, 2478, 962, 1329, 2169, 822, 824, 2617, 891, 1959, 589, 1424, 265, 882, 993, 434, 675, 1849, 1393, 1218, 334, 921, 957, 355, 877, 928, 798, 1031, 1224, 2668, 1137, 1544, 1024, 1611, 992, 1218, 1483, 2209, 2201, 1689, 447, 489, 1142, 887, 350, 1204, 1205, 1008, 1749, 816, 1231, 1127, 1857, 1045, 1482, 1792, 1573, 501, 1636, 2213, 831, 1600, 380, 1138, 1118, 575, 870, 2082, 1578, 2201, 1178, 2072, 444, 1224, 1654, 467, 739, 2410, 1289, 2278, 972, 1774, 379, 1216, 1298, 556, 872, 2231, 1554, 2187, 649, 1143, 768, 1150, 615, 933, 1128, 1744, 1832, 1726, 199, 1008, 623, 692, 649, 705, 781, 1431, 1437, 2004, 1690, 2606, 1136, 1413, 2322, 984, 938, 2697, 851, 1392, 183, 842, 889, 478, 718, 895, 827, 1089, 1337, 1768, 297, 741, 899, 830, 388, 983, 1035, 1253, 1649, 2396, 858, 1268, 895, 1356, 718, 1075, 1300, 1915, 2013, 2420, 2245, 3161, 1664, 1954, 2871, 1526, 1493, 3228, 1277, 1442, 557, 1466, 463, 411, 1221, 347, 204, 1641, 866, 2721, 1247, 1809, 912, 1645, 1263, 1105, 1406, 2420, 2110, 2285, 851, 1559, 499, 1208, 1055, 694, 979, 2082, 1692, 2406, 1355, 2227, 624, 1430, 1783, 671, 946, 2599, 1468, 2959, 1475, 1980, 1142, 1882, 1429, 1332, 1638, 2622, 2336, 3877, 2362, 2284, 2408, 2893, 1868, 2601, 2854, 3060, 3570, 2577, 1389, 2205, 703, 1556, 1721, 811, 1117, 2649, 1699, 1965, 1699, 2611, 1167, 1404, 2339, 1008, 943, 2684, 809, 1735, 1412, 2318, 933, 1109, 2062, 757, 652, 2391, 607, 1979, 790, 1675, 73, 931, 1265, 249, 562, 2038, 1253, 1686, 1073, 295, 1804, 1311, 835, 1837, 1765, 501, 2152, 1851, 1329, 2251, 770, 1105, 1952, 612, 595, 2393, 770, 2746, 1207, 1455, 1221, 1716, 913, 1409, 1653, 2166, 2369, 1297, 562, 1432, 608, 276, 1242, 488, 263, 1542, 799, 3067, 1532, 1827, 1400, 2014, 1286, 1595, 1874, 2539, 2590, 2344, 1193, 2045, 481, 1327, 1588, 578, 885, 2448, 1484, 1130, 775, 706, 1469, 782, 981, 1444, 1293, 516, 1575, 1884, 1126, 2051, 503, 1003, 1715, 368, 473, 2267, 912, 1265, 2086, 1744, 2725, 1900, 2219, 2655, 2420, 969, 2359]
[2188, 1298, 2208, 580, 1270, 1813, 542, 752, 2500, 1203, 1767, 784, 1708, 209, 765, 1366, 18, 315, 1971, 993, 1031, 688, 833, 1343, 614, 1020, 1303, 1133, 674, 1401, 2560, 1146, 1821, 698, 1485, 1295, 885, 1196, 2372, 1887, 2292, 919, 1678, 431, 1219, 1187, 623, 928, 2169, 1628, 1496, 2261, 1839, 2919, 2107, 2340, 2857, 2631, 1082, 2588, 1811, 1560, 775, 2294, 1713, 1328, 2312, 2206, 501, 2500, 1639, 873, 1795, 413, 714, 1503, 218, 188, 1979, 793, 2624, 1170, 1785, 797, 1547, 1247, 988, 1292, 2369, 1993, 1303, 641, 1514, 607, 332, 1320, 464, 198, 1612, 729, 819, 2258, 2653, 2452, 1736, 2822, 2279, 1959, 2116, 1376, 2507, 995, 1101, 1221, 1532, 569, 1389, 1577, 1828, 2271, 1412, 198, 1085, 662, 364, 879, 648, 582, 1316, 1153, 2754, 1233, 1670, 1049, 1688, 1118, 1244, 1524, 2330, 2240, 2562, 1045, 1537, 880, 1497, 988, 1074, 1344, 2169, 2062, 1650, 1386, 2283, 951, 1055, 2045, 767, 625, 2332, 520, 1798, 1000, 117, 1718, 1310, 669, 1768, 1727, 678, 2170, 1938, 670, 1542, 121, 872, 1130, 304, 579, 1926, 1292, 2869, 1351, 1778, 1137, 1801, 1226, 1332, 1620, 2446, 2333, 1916, 1008, 1929, 339, 965, 1568, 241, 458, 2194, 1021, 3115, 2322, 3213, 1589, 2292, 2769, 1578, 1764, 3537, 2000, 828, 887, 1556, 1084, 346, 1530, 939, 635, 1414, 616, 1032, 516, 1151, 964, 152, 1121, 885, 678, 1135, 992, 2505, 999, 1539, 800, 1436, 996, 995, 1268, 2150, 1985, 1954, 790, 284, 1440, 1235, 271, 1525, 1551, 1030, 2100, 3283, 1766, 2133, 1514, 2214, 1587, 1707, 2007, 2831, 2712, 827, 1486, 2152, 1502, 950, 2142, 1317, 1004, 1893, 392, 1814, 1088, 2014, 503, 941, 1693, 347, 411, 2211, 849, 1497, 924, 1829, 579, 656, 1584, 385, 163, 1942, 620, 1872, 441, 1269, 383, 797, 855, 514, 692, 1697, 1401, 600, 1037, 1238, 1567, 718, 1456, 1477, 1229, 815, 1252, 2223, 684, 1118, 832, 1196, 580, 996, 1188, 1741, 1891, 2350, 1172, 2015, 472, 1324, 1554, 583, 894, 2429, 1507, 2073, 839, 1701, 168, 1019, 1267, 345, 660, 2096, 1348, 1562, 969, 1881, 566, 723, 1620, 371, 214, 2009, 648, 2444, 990, 1639, 647, 1367, 1113, 842, 1135, 2199, 1845, 2901, 1841, 2678, 1122, 1940, 2196, 1181, 1449, 3095, 1904, 2516, 1041, 1645, 738, 1440, 1108, 933, 1223, 2230, 1934, 1812, 498, 1383, 248, 737, 999, 358, 548, 1753, 1264, 3295, 1774, 1775, 1842, 2304, 1312, 2032, 2274, 2543, 2989, 1862, 1922, 2798, 1492, 1535, 2590, 1314, 1168, 2763, 750, 1310, 2109, 2806, 1987, 1585, 2778, 1792, 1514, 2518, 796, 1366, 1183, 2045, 908, 786, 1860, 713, 462, 2045, 311, 1459, 888, 1789, 583, 609, 1552, 391, 130, 1896, 615, 3160, 1671, 2141, 1336, 2083, 1589, 1524, 1833, 2802, 2526, 1258, 364, 1185, 722, 190, 1036, 659, 506, 1311, 997, 3163, 1624, 1834, 1548, 2124, 1309, 1743, 2013, 2568, 2731, 2067, 3093, 3750, 2953, 2564, 3757, 2758, 2493, 3370, 1779, 2625, 1311, 2058, 719, 1568, 1547, 875, 1195, 2563, 1839, 932, 1436, 2145, 1401, 910, 2103, 1213, 905, 1933, 264, 1570, 223, 1148, 521, 503, 858, 544, 564, 1456, 1211, 1243, 830, 596, 1545, 902, 933, 1535, 1401, 430, 1708, 1352, 351, 1230, 614, 276, 1032, 557, 439, 1404, 1003, 2870, 2014, 2901, 1280, 2006, 2458, 1277, 1481, 3236, 1787, 1939, 542, 1369, 311, 862, 939, 469, 690, 1800, 1407, 1251, 300, 1057, 811, 251, 941, 769, 637, 1190, 1107, 2713, 1832, 2721, 1098, 1829, 2283, 1096, 1307, 3055, 1650, 1508, 676, 1593, 416, 520, 1328, 258, 103, 1770, 818, 2255, 963, 1775, 354, 1195, 1304, 528, 845, 2223, 1525, 1434, 1259, 2129, 942, 874, 1934, 747, 522, 2133, 332, 787, 1829, 2408, 1891, 1288, 2461, 1707, 1394, 2038, 754, 2560, 2537, 3443, 1984, 2209, 3177, 1838, 1777, 3462, 1460, 866, 739, 1024, 1316, 509, 1173, 1249, 1040, 805, 1231, 3530, 2331, 3070, 1671, 2524, 2542, 1773, 2067, 3587, 2566, 1291, 346, 1188, 690, 221, 1023, 632, 493, 1333, 1008, 2498, 1109, 1818, 622, 1425, 1303, 807, 1120, 2347, 1807, 2170, 631, 1094, 799, 1143, 565, 959, 1143, 1703, 1842, 1418, 425, 1331, 512, 349, 1097, 441, 337, 1522, 960, 923, 1179, 1015, 1832, 1045, 1387, 1778, 1576, 395, 1689, 1457, 992, 1887, 669, 680, 1659, 474, 238, 1968, 534, 3466, 1996, 2472, 1605, 2388, 1920, 1785, 2101, 3136, 2773, 1298, 457, 1322, 626, 231, 1138, 536, 361, 1452, 896, 2470, 932, 1325, 940, 1428, 773, 1124, 1359, 1983, 2074, 1602, 1469, 2351, 1074, 1100, 2137, 886, 715, 2358, 449, 2850, 1319, 1451, 1394, 1843, 933, 1580, 1813, 2191, 2526, 1650, 327, 1242, 409, 574, 914, 450, 524, 1570, 1208, 2935, 1982, 2847, 1250, 2024, 2383, 1276, 1511, 3224, 1884, 1501, 912, 362, 1647, 1107, 810, 1665, 1574, 448, 1943, 919, 888, 917, 1530, 755, 1183, 1478, 1284, 559, 1467, 1652, 1072, 1989, 600, 840, 1712, 413, 327, 2125, 674, 2162, 895, 1732, 259, 1104, 1279, 435, 751, 2155, 1435, 670, 986, 1572, 1239, 456, 1601, 1096, 794, 1350, 683, 1573, 654, 317, 1384, 959, 549, 1421, 1369, 728, 1825, 3324, 1820, 1741, 1941, 2356, 1311, 2127, 2358, 2516, 3068, 2230, 1088, 1955, 368, 1211, 1514, 463, 772, 2340, 1389, 2404, 1208, 2039, 520, 1375, 1569, 638, 950, 2467, 1563, 1866, 1294, 2217, 718, 1091, 1909, 565, 572, 2376, 804, 2164, 716, 742, 1162, 1253, 192, 1294, 1410, 1447, 2059, 2558, 1841, 2755, 1127, 1754, 2357, 1075, 1224, 3018, 1452, 1213, 895, 1736, 786, 475, 1576, 607, 289, 1746, 468, 1874, 389, 757, 919, 927, 327, 1021, 1101, 1323, 1734, 1615, 666, 1591, 302, 601, 1289, 157, 203, 1818, 920, 1278, 1452, 2264, 1234, 988, 2134, 1039, 776, 2163, 138, 1916, 467, 1268, 406, 843, 838, 548, 737, 1717, 1448, 898, 1354, 1159, 1996, 1190, 1556, 1935, 1719, 454, 1776, 1719, 1356, 585, 2091, 1530, 1135, 2111, 2013, 409, 2335, 418, 1280, 1780, 1532, 760, 1869, 1380, 1067, 1430, 754, 1285, 1372, 2196, 1146, 920, 2053, 951, 688, 2118, 130, 2082, 554, 933, 881, 1089, 410, 1021, 1165, 1549, 1842, 2474, 1016, 935, 1363, 1556, 452, 1517, 1672, 1689, 2343]
[2421, 1465, 2356, 731, 1487, 1926, 740, 979, 2693, 1427, 5131, 3607, 3825, 3324, 4061, 3321, 3509, 3822, 4578, 4502, 2724, 1277, 1882, 880, 1647, 1340, 1068, 1377, 2473, 2071, 2318, 874, 811, 1278, 1412, 300, 1421, 1554, 1550, 2212, 1903, 1027, 102, 1729, 1374, 618, 1792, 1770, 785, 2239, 2660, 1122, 1453, 1093, 1618, 902, 1283, 1532, 2139, 2249, 2350, 825, 1349, 758, 1291, 810, 944, 1186, 1956, 1903, 1143, 781, 693, 1479, 797, 975, 1456, 1306, 503, 1591, 1562, 864, 1781, 475, 659, 1511, 280, 129, 1935, 724, 424, 1357, 1866, 1581, 830, 1952, 1422, 1106, 1508, 732, 1797, 519, 1414, 218, 724, 1037, 317, 511, 1769, 1227, 2115, 1086, 1984, 353, 1130, 1576, 371, 652, 2314, 1231, 1974, 504, 734, 999, 1041, 240, 1114, 1209, 1358, 1848, 1976, 1331, 423, 2049, 1616, 949, 2100, 2052, 710, 2464, 2043, 528, 1194, 575, 984, 713, 732, 925, 1720, 1633, 2249, 1377, 2287, 657, 1344, 1888, 621, 823, 2579, 1242, 2016, 509, 1202, 545, 955, 730, 700, 891, 1714, 1599, 3421, 1896, 1909, 1932, 2422, 1446, 2124, 2375, 2678, 3091, 2239, 1855, 2779, 1244, 1620, 2463, 1115, 1123, 2907, 1085, 2550, 1445, 2292, 727, 1558, 1825, 800, 1087, 2699, 1621, 2712, 1771, 2649, 1036, 1799, 2200, 1053, 1285, 3005, 1675, 1649, 160, 806, 826, 691, 521, 888, 912, 1231, 1512, 2271, 1141, 2006, 419, 1258, 1562, 506, 811, 2392, 1412, 2373, 1056, 661, 1560, 1568, 376, 1688, 1788, 1438, 2408, 1486, 421, 540, 1155, 744, 554, 1184, 1131, 875, 1613, 2292, 821, 1482, 569, 1217, 967, 761, 1031, 2029, 1748, 2189, 1316, 2229, 601, 1279, 1836, 557, 759, 2514, 1194, 1566, 976, 1888, 569, 730, 1627, 374, 221, 2016, 648, 2264, 795, 1469, 544, 1188, 960, 736, 1003, 2009, 1721, 703, 1284, 1240, 1880, 1047, 1576, 1803, 1567, 618, 1579, 926, 731, 943, 1346, 567, 1117, 1290, 1096, 729, 1315, 1526, 139, 1064, 613, 478, 803, 632, 625, 1365, 1241, 2274, 861, 730, 1312, 1393, 239, 1447, 1565, 1475, 2209, 1769, 780, 1703, 203, 765, 1361, 13, 318, 1969, 999, 2408, 2225, 3142, 1644, 1936, 2851, 1506, 1474, 3211, 1264, 1549, 757, 291, 1490, 1019, 641, 1520, 1453, 621, 1876, 1022, 1037, 1809, 1014, 537, 1713, 836, 517, 1718, 332, 1753, 1523, 2423, 1056, 1197, 2178, 880, 762, 2471, 603, 1014, 1227, 1986, 1164, 721, 1902, 978, 668, 1851, 175, 1519, 829, 1741, 487, 610, 1482, 296, 80, 1887, 711, 1737, 683, 1605, 175, 706, 1264, 85, 324, 1883, 1033, 710, 1161, 1802, 1292, 620, 1803, 1126, 807, 1575, 486, 1535, 467, 1391, 388, 471, 1110, 330, 315, 1628, 1000, 2452, 1205, 666, 1735, 1701, 526, 1860, 1948, 1434, 2552, 2553, 1199, 1928, 657, 1486, 1414, 829, 1148, 2445, 1817, 1081, 547, 1291, 847, 16, 1203, 746, 514, 1305, 854, 1784, 844, 81, 1553, 1197, 508, 1610, 1586, 778, 2064, 200, 1338, 1664, 1721, 883, 1845, 1590, 1293, 1200, 1067, 2325, 1113, 1948, 431, 1288, 1483, 561, 878, 2373, 1513, 1838, 611, 1508, 124, 774, 1124, 246, 489, 1856, 1206, 2681, 1602, 2448, 883, 1705, 1976, 946, 1222, 2856, 1718, 2022, 832, 1710, 119, 977, 1292, 282, 599, 2082, 1282, 2196, 1239, 2142, 510, 1247, 1735, 500, 743, 2457, 1247, 2069, 1008, 1906, 275, 1068, 1499, 310, 607, 2240, 1219, 1576, 703, 1626, 358, 585, 1340, 190, 140, 1826, 855, 1321, 437, 1310, 608, 250, 1118, 525, 366, 1454, 918, 937, 776, 911, 1407, 637, 1121, 1355, 1166, 659, 1379, 641, 1225, 1250, 1802, 962, 1555, 1720, 1479, 676, 1484, 1665, 1218, 2129, 751, 943, 1866, 568, 461, 2230, 606, 1861, 2173, 3011, 1810, 1735, 2851, 1624, 1440, 2895, 879, 2530, 1140, 865, 1555, 1671, 493, 1701, 1835, 1640, 2486, 3133, 2121, 2961, 1398, 2200, 2477, 1445, 1696, 3373, 2094, 2018, 1067, 1980, 359, 1058, 1598, 313, 559, 2272, 1115, 1631, 99, 886, 748, 640, 595, 806, 832, 1284, 1443, 2425, 896, 1121, 1082, 1427, 571, 1252, 1446, 1817, 2146, 2670, 1132, 1379, 1177, 1646, 835, 1363, 1597, 2087, 2311, 631, 1141, 1222, 1708, 867, 1498, 1625, 1384, 705, 1404, 2097, 1431, 2357, 774, 1290, 2007, 668, 761, 2566, 1025, 1987, 534, 1308, 411, 913, 856, 571, 784, 1777, 1499, 2467, 1023, 1681, 651, 1390, 1156, 845, 1143, 2238, 1849, 2896, 1556, 2252, 990, 1836, 1721, 1145, 1464, 2796, 2097, 1746, 1019, 1943, 472, 862, 1634, 298, 331, 2132, 812, 1755, 906, 1832, 342, 809, 1507, 164, 296, 2056, 896, 1921, 1502, 2422, 944, 1251, 2130, 790, 758, 2539, 793, 2176, 754, 1501, 411, 1099, 1017, 604, 878, 1997, 1594, 1359, 1139, 2003, 871, 747, 1816, 676, 418, 2011, 337, 2571, 1648, 2536, 913, 1660, 2100, 919, 1144, 2875, 1541, 1407, 1179, 2050, 878, 799, 1854, 683, 445, 2065, 353, 3706, 2439, 3124, 1819, 2677, 2584, 1940, 2244, 3683, 2779, 1938, 1813, 2712, 1320, 1477, 2466, 1152, 1052, 2740, 787, 2358, 869, 1484, 650, 1285, 957, 843, 1112, 2056, 1829, 1843, 601, 1495, 136, 776, 1109, 262, 502, 1849, 1220, 2822, 1306, 1747, 1092, 1754, 1195, 1288, 1574, 2408, 2288, 2163, 835, 550, 1376, 1343, 153, 1492, 1574, 1304, 2185, 2901, 1597, 1107, 2029, 2116, 922, 2177, 2308, 1860, 2948, 2816, 1854, 2722, 1121, 1897, 2263, 1147, 1386, 3094, 1779, 533, 1053, 1549, 1372, 551, 1630, 1237, 940, 1254, 808, 956, 1572, 1322, 2211, 1396, 1750, 2146, 1922, 564, 1933, 2617, 1083, 1293, 1183, 1605, 751, 1364, 1585, 2006, 2295, 2219, 681, 1076, 871, 1202, 535, 1031, 1215, 1709, 1912, 1180, 1295, 2099, 1130, 823, 1976, 936, 651, 2005, 67, 927, 1090, 964, 1744, 964, 1313, 1693, 1495, 413, 1632, 2016, 530, 1257, 488, 948, 791, 647, 852, 1753, 1564, 2306, 1843, 2769, 1203, 1639, 2434, 1089, 1129, 2927, 1159, 1495, 220, 1141, 565, 429, 887, 565, 542, 1410, 1162, 1107, 508, 859, 1152, 461, 935, 1115, 960, 849, 1298, 1471, 1063, 1955, 722, 738, 1730, 527, 308, 2024, 494, 2005, 1748, 2661, 1209, 1454, 2386, 1052, 993, 2734, 849, 1962, 423, 1017, 700, 934, 548, 831, 974, 1556, 1658, 2304, 1961, 1071, 2688, 2181, 1588, 2728, 2654, 1001, 2990]
[1148, 591, 1396, 759, 147, 1266, 639, 387, 1435, 768, 2442, 927, 1457, 783, 1377, 915, 975, 1236, 2068, 1954, 766, 793, 1153, 1307, 464, 1279, 1221, 987, 910, 1116, 3575, 2261, 2918, 1674, 2530, 2374, 1810, 2122, 3494, 2694, 1057, 793, 1575, 866, 298, 1467, 712, 405, 1543, 572, 2536, 1009, 1187, 1172, 1539, 645, 1346, 1550, 1902, 2253, 1316, 1087, 1945, 854, 687, 1766, 660, 384, 1950, 344, 2623, 1084, 1376, 1110, 1592, 827, 1296, 1533, 2070, 2248, 1587, 381, 1306, 391, 511, 1005, 388, 425, 1588, 1107, 2171, 666, 883, 1020, 1206, 334, 1163, 1305, 1551, 1977, 2233, 931, 1742, 336, 1170, 1273, 516, 831, 2191, 1517, 1510, 1388, 2261, 1034, 1004, 2061, 842, 643, 2258, 365, 2649, 1326, 2064, 744, 1590, 1550, 902, 1221, 2576, 1867, 1405, 1643, 2461, 1379, 1185, 2324, 1185, 946, 2350, 326, 2466, 1300, 640, 1866, 1774, 635, 1982, 2053, 1381, 2635, 1252, 759, 1616, 687, 381, 1440, 523, 210, 1669, 605, 1619, 1225, 2129, 788, 926, 1880, 601, 464, 2211, 551, 3218, 1802, 2384, 1327, 2146, 1835, 1497, 1816, 2998, 2469, 1797, 946, 1872, 351, 857, 1539, 191, 341, 2102, 917, 2972, 1803, 2595, 1120, 1968, 2090, 1215, 1509, 3064, 2031, 4137, 2743, 3284, 2233, 3073, 2731, 2385, 2703, 3928, 3304, 2117, 580, 1006, 837, 1106, 481, 986, 1147, 1617, 1836, 690, 1081, 1156, 1663, 830, 1429, 1585, 1353, 667, 1408, 2665, 1288, 1981, 773, 1596, 1455, 947, 1265, 2523, 1935, 2603, 1123, 1077, 1403, 1664, 594, 1567, 1744, 1833, 2429, 1997, 1245, 2170, 589, 1132, 1819, 479, 602, 2396, 986, 2810, 1511, 2245, 905, 1760, 1726, 1049, 1366, 2762, 1984, 1254, 1553, 2345, 1356, 1072, 2234, 1160, 894, 2208, 204, 3607, 2105, 2495, 1783, 2531, 1950, 1969, 2281, 3192, 2968, 2091, 610, 1319, 491, 1020, 836, 665, 893, 1830, 1609, 2146, 620, 1209, 658, 1093, 698, 825, 1032, 1775, 1742, 2481, 1174, 737, 1664, 1686, 494, 1797, 1902, 1512, 2526, 2824, 1293, 1667, 1155, 1766, 1116, 1350, 1624, 2349, 2341, 2942, 1841, 2662, 1134, 1965, 2171, 1206, 1484, 3099, 1963, 1061, 1018, 1805, 975, 529, 1696, 796, 478, 1732, 339, 2798, 1313, 1842, 998, 1722, 1292, 1191, 1491, 2470, 2195, 1834, 1184, 2109, 605, 1008, 1795, 450, 480, 2287, 819, 2303, 810, 1432, 624, 1232, 910, 815, 1074, 1998, 1792, 2580, 1171, 930, 1557, 1706, 540, 1708, 1852, 1704, 2512, 2531, 1753, 2663, 1032, 1693, 2256, 993, 1163, 2946, 1446, 2375, 1138, 1956, 475, 1332, 1482, 614, 932, 2398, 1571, 3252, 1730, 2084, 1498, 2185, 1539, 1692, 1989, 2785, 2697, 3751, 2438, 3084, 1851, 2707, 2538, 1984, 2295, 3669, 2858, 1862, 1097, 190, 1812, 1405, 735, 1865, 1825, 690, 2263, 769, 819, 1402, 1144, 309, 1424, 1021, 742, 1231, 796, 1717, 393, 563, 1069, 868, 333, 1138, 1154, 1086, 1721, 1673, 2108, 2913, 1813, 1640, 2789, 1622, 1404, 2751, 771, 2481, 1655, 2561, 930, 1615, 2149, 901, 1088, 2858, 1420, 2359, 851, 1424, 702, 1292, 891, 893, 1150, 2013, 1868, 2665, 1535, 2365, 828, 1668, 1885, 911, 1202, 2793, 1735, 3124, 2195, 3058, 1463, 2231, 2589, 1486, 1713, 3436, 2051, 432, 1732, 2184, 1939, 1208, 2312, 1772, 1453, 1731, 948, 2509, 2072, 2998, 1418, 1871, 2654, 1313, 1362, 3160, 1354, 2652, 1332, 891, 1785, 1850, 657, 1927, 2048, 1662, 2683, 1832, 842, 1763, 202, 836, 1407, 80, 373, 2039, 1028, 1083, 622, 802, 1287, 585, 961, 1253, 1094, 712, 1396, 1716, 672, 1596, 195, 686, 1261, 95, 306, 1867, 1018, 2181, 859, 1669, 302, 1113, 1203, 492, 800, 2118, 1497, 1798, 265, 1005, 637, 766, 611, 736, 837, 1467, 1504, 1217, 731, 1576, 708, 334, 1412, 551, 247, 1621, 625, 1166, 422, 1179, 811, 119, 1075, 738, 555, 1251, 975, 2648, 1716, 2598, 981, 1737, 2155, 993, 1222, 2947, 1614, 1332, 590, 549, 1317, 760, 738, 1321, 1219, 671, 1612, 1132, 888, 1702, 845, 429, 1568, 673, 353, 1682, 463, 2477, 1428, 2296, 698, 1505, 1845, 747, 1019, 2674, 1526, 2638, 1364, 846, 1851, 1872, 683, 1987, 2094, 1608, 2715, 2332, 1671, 2594, 983, 1547, 2222, 903, 1017, 2821, 1228, 2842, 1526, 1058, 1956, 2046, 853, 2104, 2235, 1819, 2877, 2598, 1746, 2644, 1015, 1724, 2218, 1000, 1199, 2959, 1535, 1366, 178, 990, 772, 369, 829, 760, 679, 1205, 1207, 2494, 1627, 2528, 897, 1607, 2108, 881, 1084, 2840, 1448, 2346, 952, 1685, 494, 1271, 1183, 686, 990, 2195, 1691, 1675, 209, 1092, 541, 619, 756, 605, 673, 1468, 1335, 2666, 1152, 1630, 954, 1598, 1079, 1149, 1429, 2272, 2145, 2515, 2659, 3546, 2159, 2286, 3317, 1999, 1899, 3504, 1479, 1228, 318, 935, 934, 343, 877, 904, 777, 1054, 1212, 2099, 683, 1454, 366, 1022, 985, 553, 815, 1931, 1532, 2188, 734, 1447, 472, 1111, 953, 662, 924, 1962, 1642, 1978, 448, 913, 819, 982, 429, 946, 1072, 1489, 1741, 1875, 941, 1862, 284, 907, 1505, 174, 413, 2129, 1014, 1553, 114, 811, 840, 606, 590, 881, 871, 1174, 1443, 1476, 858, 1763, 546, 599, 1519, 355, 97, 1884, 652, 2308, 833, 1484, 587, 1234, 966, 780, 1050, 2037, 1767, 1465, 455, 525, 1189, 753, 577, 1215, 1154, 836, 1621, 1754, 1240, 2159, 720, 1001, 1874, 549, 496, 2288, 697, 2298, 1555, 632, 2244, 1895, 1055, 2316, 2301, 1020, 2754, 1553, 557, 397, 1287, 880, 518, 1324, 1277, 797, 1749, 936, 1329, 2052, 1297, 806, 1998, 1111, 800, 1867, 220, 1384, 677, 466, 1408, 864, 731, 1419, 1323, 600, 1713, 838, 1056, 1023, 1685, 884, 1335, 1624, 1414, 519, 1529, 2968, 2102, 2984, 1368, 2102, 2534, 1371, 1578, 3329, 1882, 2890, 1743, 2549, 1049, 1893, 2053, 1137, 1427, 3003, 1944, 806, 827, 1053, 1404, 586, 1238, 1333, 1116, 760, 1265, 2291, 757, 1072, 958, 1284, 521, 1122, 1307, 1734, 2004, 2147, 1408, 2331, 726, 1304, 1964, 640, 773, 2568, 1097, 1516, 231, 702, 964, 643, 558, 999, 968, 1054, 1501, 2678, 1140, 1483, 1092, 1633, 932, 1283, 1537, 2167, 2254, 3561, 2083, 1899, 2241, 2622, 1526, 2426, 2649, 2675, 3355, 3302, 1790, 2176, 1516, 2230, 1628, 1707, 2011, 2868, 2712, 2036, 502, 949, 825, 1033, 444, 961, 1102, 1541, 1780]
[1241, 988, 647, 1702, 1033, 1052, 1687, 1543, 273, 1810, 3105, 2708, 3633, 2027, 2518, 3266, 1942, 2008, 3806, 1950, 766, 1473, 2117, 1518, 933, 2122, 1337, 1021, 1843, 440, 2685, 1148, 1366, 1214, 1667, 826, 1398, 1629, 2081, 2342, 1340, 856, 1733, 660, 514, 1532, 477, 163, 1801, 558, 3108, 1569, 1822, 1468, 2061, 1288, 1663, 1937, 2545, 2654, 1478, 904, 380, 1638, 1089, 819, 1653, 1559, 439, 1923, 1608, 512, 1438, 309, 548, 1131, 262, 319, 1699, 1027, 1085, 1059, 1852, 988, 576, 1738, 804, 490, 1779, 294, 2689, 1238, 1845, 851, 1612, 1305, 1041, 1348, 2435, 2045, 2180, 914, 1748, 276, 1123, 1293, 450, 766, 2174, 1448, 2873, 1848, 2698, 1123, 1927, 2224, 1170, 1427, 3099, 1860, 913, 1066, 1795, 1105, 541, 1732, 932, 612, 1658, 368, 2288, 904, 1656, 438, 1213, 1163, 631, 933, 2152, 1636, 1741, 210, 1001, 631, 708, 635, 716, 797, 1433, 1455, 1065, 914, 1704, 910, 428, 1592, 740, 420, 1653, 443, 2895, 2633, 3558, 1993, 2390, 3227, 1883, 1902, 3673, 1751, 1681, 1574, 2458, 1155, 1209, 2240, 971, 818, 2465, 524, 1775, 696, 239, 1392, 1093, 371, 1457, 1449, 887, 1962, 1975, 747, 1623, 84, 918, 1209, 279, 580, 2000, 1282, 2260, 977, 1792, 356, 1202, 1323, 527, 845, 2237, 1520, 1766, 1791, 2666, 1375, 1404, 2460, 1193, 1038, 2637, 634, 2054, 522, 1130, 651, 1008, 638, 804, 984, 1679, 1686, 1865, 653, 356, 1309, 1106, 225, 1390, 1414, 1033, 1968, 2161, 624, 1034, 852, 1148, 501, 1006, 1177, 1656, 1869, 1808, 1353, 2270, 822, 1100, 1986, 656, 605, 2388, 711, 359, 1197, 1608, 1547, 718, 1741, 1413, 1115, 1226, 922, 2227, 932, 1747, 328, 1165, 1279, 507, 822, 2192, 1507, 4216, 2904, 2390, 3232, 3433, 2242, 3403, 3578, 3087, 4248, 2169, 1996, 2906, 1448, 1689, 2634, 1297, 1239, 2961, 1019, 1577, 994, 1906, 578, 748, 1644, 384, 239, 2034, 646, 1014, 1425, 2163, 1347, 910, 2098, 1157, 856, 1980, 181, 2015, 1042, 1953, 329, 1045, 1568, 294, 553, 2252, 1126, 1651, 1649, 2519, 1259, 1257, 2320, 1073, 900, 2493, 503, 2006, 557, 1328, 404, 931, 873, 569, 790, 1801, 1506, 3155, 1753, 2361, 1259, 2085, 1814, 1426, 1745, 2961, 2393, 964, 1610, 1357, 2247, 1430, 1788, 2181, 1955, 595, 1957, 1824, 632, 1536, 104, 766, 1160, 205, 457, 1871, 1172, 2135, 886, 1733, 230, 1080, 1287, 403, 720, 2144, 1402, 369, 1693, 2128, 1922, 1174, 2264, 1759, 1440, 1669, 963, 1910, 1405, 2327, 830, 1182, 2023, 680, 673, 2470, 810, 2067, 992, 1887, 258, 1061, 1479, 305, 607, 2226, 1228, 835, 998, 1010, 1622, 821, 1298, 1561, 1351, 556, 1479, 1369, 837, 1722, 624, 517, 1511, 441, 128, 1806, 591, 1166, 400, 1136, 835, 150, 1043, 770, 596, 1211, 1015, 1739, 217, 847, 787, 758, 495, 869, 927, 1316, 1556, 1047, 909, 797, 1589, 858, 1115, 1553, 1381, 432, 1603, 2642, 1247, 1927, 760, 1570, 1400, 940, 1256, 2477, 1935, 1963, 1205, 2130, 557, 1092, 1783, 441, 562, 2355, 965, 1632, 876, 1798, 422, 712, 1508, 227, 184, 1979, 784, 936, 1280, 2007, 1254, 758, 1949, 1069, 757, 1833, 223, 2866, 1401, 1958, 1029, 1789, 1409, 1218, 1527, 2576, 2220, 1066, 580, 1325, 853, 48, 1238, 744, 501, 1327, 820, 1802, 1255, 2176, 709, 1034, 1880, 544, 521, 2320, 745, 3739, 2627, 3400, 1936, 2773, 2880, 2014, 2288, 3887, 2716, 1612, 234, 1151, 501, 545, 842, 539, 582, 1481, 1242, 1293, 1776, 2542, 1590, 1279, 2455, 1395, 1130, 2354, 426, 2504, 2769, 3638, 2307, 2367, 3436, 2139, 2013, 3552, 1530, 708, 1039, 1666, 1227, 500, 1672, 1073, 761, 1456, 578, 3143, 1807, 2481, 1237, 2087, 1943, 1385, 1702, 3043, 2314, 2006, 884, 251, 1534, 1320, 344, 1621, 1645, 1023, 2187, 2305, 1090, 523, 1659, 1573, 425, 1773, 1842, 1296, 2430, 2563, 1030, 1244, 1152, 1555, 700, 1331, 1545, 1953, 2252, 1702, 1390, 2294, 927, 1080, 2044, 747, 629, 2361, 576, 2825, 1289, 1620, 1194, 1774, 1072, 1388, 1654, 2314, 2372, 2525, 1916, 2838, 1223, 1782, 2461, 1147, 1254, 3060, 1393, 2814, 1447, 2130, 913, 1747, 1599, 1079, 1398, 2681, 2051, 645, 1147, 1753, 1322, 607, 1775, 1163, 847, 1505, 564, 2080, 812, 1661, 187, 1019, 1220, 377, 685, 2071, 1381, 1431, 543, 1451, 474, 395, 1210, 363, 217, 1624, 870, 2081, 599, 1309, 491, 1010, 828, 663, 887, 1819, 1603, 2742, 1567, 2373, 880, 1730, 1880, 980, 1280, 2827, 1832, 1818, 1827, 2706, 1394, 1448, 2493, 1215, 1071, 2685, 685, 2254, 1027, 1865, 352, 1210, 1406, 498, 817, 2286, 1471, 1936, 451, 1213, 477, 869, 770, 619, 798, 1685, 1505, 1896, 363, 904, 779, 898, 459, 893, 1002, 1442, 1663, 1606, 220, 710, 928, 702, 491, 980, 980, 1126, 1547, 1263, 321, 1123, 754, 220, 984, 704, 566, 1259, 1053, 632, 973, 1217, 1498, 648, 1412, 1407, 1161, 840, 1206, 1512, 50, 885, 783, 537, 667, 812, 792, 1210, 1364, 3042, 1585, 2130, 1186, 1965, 1580, 1369, 1683, 2758, 2365, 2442, 1654, 743, 2327, 2016, 1113, 2408, 2406, 1165, 2878, 2746, 1312, 1932, 886, 1670, 1392, 1072, 1384, 2517, 2072, 1835, 1306, 2228, 751, 1083, 1930, 591, 572, 2370, 762, 1690, 769, 1695, 277, 701, 1376, 86, 235, 1928, 920, 1992, 556, 1343, 377, 916, 893, 542, 765, 1805, 1482, 1689, 707, 223, 1423, 1057, 472, 1475, 1444, 786, 1925, 1541, 525, 428, 1256, 852, 518, 1292, 1245, 816, 1720, 1196, 355, 1081, 844, 207, 987, 791, 637, 1176, 1072, 1841, 1292, 2214, 730, 1077, 1913, 572, 563, 2363, 774, 1925, 917, 1831, 219, 932, 1455, 174, 464, 2127, 1093, 2442, 2103, 3027, 1478, 1865, 2705, 1358, 1371, 3151, 1285, 3057, 1679, 2322, 1156, 1991, 1780, 1318, 1638, 2901, 2280, 3138, 1599, 1790, 1545, 2103, 1269, 1739, 2005, 2528, 2723, 449, 1423, 1499, 1944, 1087, 1797, 1841, 1574, 891, 1461, 3489, 1950, 2107, 1858, 2451, 1602, 2054, 2331, 2858, 3048, 1933, 1270, 2195, 652, 1111, 1866, 518, 582, 2388, 896, 1482, 911, 1814, 581, 638, 1572, 387, 150, 1925, 617, 1488, 547, 1464, 417, 449, 1202, 311, 220, 1662, 904, 1762, 1085, 2009, 535, 909, 1702, 366, 380, 2186, 790]
[1787, 1562, 2463, 1085, 1238, 2215, 911, 801, 2512, 634, 2529, 1181, 1918, 632, 1464, 1408, 804, 1122, 2429, 1792, 2494, 1390, 2242, 670, 1501, 1780, 743, 1032, 2643, 1574, 850, 1694, 2330, 1708, 1155, 2343, 1521, 1211, 2022, 555, 1736, 900, 1826, 352, 794, 1506, 169, 279, 2044, 879, 2516, 1032, 1618, 756, 1441, 1080, 951, 1237, 2211, 1950, 3190, 1749, 2302, 1314, 2115, 1751, 1491, 1808, 2929, 2476, 1325, 251, 1079, 732, 290, 919, 700, 594, 1258, 1115, 1992, 664, 500, 1251, 1165, 58, 1353, 1414, 1200, 2011, 706, 1118, 1754, 1268, 577, 1757, 1106, 789, 1533, 517, 377, 1277, 1749, 1554, 765, 1853, 1405, 1095, 1384, 805, 1558, 1261, 2154, 866, 925, 1925, 676, 503, 2203, 465, 2457, 1079, 1804, 579, 1385, 1294, 763, 1076, 2322, 1763, 2072, 1542, 2468, 922, 1345, 2142, 794, 829, 2631, 957, 2552, 1015, 1388, 995, 1508, 836, 1183, 1426, 2057, 2142, 1924, 874, 1785, 167, 915, 1404, 158, 468, 2094, 1120, 434, 1636, 1698, 2136, 1278, 2012, 2024, 1745, 1045, 1557, 1585, 490, 1416, 336, 523, 1117, 289, 322, 1671, 1024, 1433, 310, 670, 1042, 623, 616, 1062, 1002, 955, 1491, 3021, 1714, 2421, 1117, 1972, 1891, 1259, 1575, 2959, 2179, 2101, 909, 1777, 203, 1060, 1346, 347, 667, 2162, 1335, 2401, 2143, 3063, 1543, 1876, 2759, 1411, 1399, 3158, 1248, 3679, 2327, 2943, 1773, 2623, 2394, 1918, 2234, 3545, 2825, 570, 1413, 1418, 1970, 1119, 1744, 1878, 1623, 780, 1554, 1440, 291, 1200, 561, 365, 966, 532, 471, 1427, 1079, 2483, 945, 1235, 1045, 1463, 684, 1223, 1440, 1921, 2148, 842, 704, 1129, 1213, 377, 1217, 1131, 905, 955, 1084, 2969, 1456, 1885, 1211, 1899, 1333, 1406, 1700, 2555, 2409, 818, 1064, 1751, 1165, 526, 1718, 999, 681, 1580, 447, 1821, 453, 1323, 311, 744, 931, 426, 602, 1713, 1314, 1600, 406, 519, 1125, 810, 439, 1174, 1153, 961, 1675, 2421, 1274, 2120, 564, 1409, 1656, 658, 960, 2530, 1542, 1539, 1089, 1991, 699, 792, 1749, 505, 328, 2079, 544, 654, 1228, 1844, 1369, 687, 1862, 1202, 883, 1586, 516, 1031, 1014, 1789, 993, 516, 1690, 816, 497, 1706, 353, 2302, 1211, 2083, 482, 1305, 1642, 547, 839, 2458, 1410, 2028, 594, 673, 1103, 1125, 142, 1220, 1312, 1339, 1944, 1584, 302, 623, 1021, 735, 472, 1068, 1053, 1038, 1594, 924, 1354, 1141, 2001, 1200, 1544, 1942, 1730, 430, 1796, 2377, 839, 1171, 966, 1357, 619, 1139, 1344, 1837, 2050, 435, 1118, 1426, 1564, 708, 1604, 1451, 1175, 1015, 1094, 669, 1388, 2005, 1488, 847, 2026, 1313, 993, 1720, 496, 778, 785, 1343, 1152, 301, 1376, 1038, 770, 1172, 858, 2178, 999, 1862, 290, 1144, 1421, 414, 731, 2253, 1378, 900, 2067, 2615, 2133, 1526, 2691, 1948, 1635, 2198, 978, 2201, 1196, 2091, 462, 1232, 1676, 476, 741, 2424, 1279, 1235, 1017, 1859, 852, 593, 1698, 664, 361, 1850, 360, 1403, 523, 522, 1255, 758, 652, 1270, 1190, 751, 1621, 1821, 359, 718, 937, 891, 330, 1029, 1091, 1266, 1710, 2437, 1138, 1918, 532, 1380, 1426, 694, 1013, 2395, 1672, 2308, 788, 1005, 1050, 1324, 453, 1208, 1380, 1692, 2068, 2214, 865, 1654, 349, 1143, 1178, 541, 845, 2121, 1546, 3563, 2034, 2322, 1815, 2499, 1790, 2008, 2307, 3047, 3013, 2968, 1701, 2440, 1072, 1930, 1919, 1201, 1513, 2954, 2098, 2358, 827, 1316, 799, 1305, 774, 983, 1218, 1935, 1933, 1976, 1097, 2017, 416, 1044, 1651, 330, 529, 2281, 1042, 1610, 760, 1683, 354, 637, 1390, 168, 151, 1884, 845, 2188, 1082, 1961, 352, 1179, 1531, 424, 727, 2327, 1333, 2549, 1548, 2422, 815, 1601, 1974, 846, 1100, 2788, 1560, 1711, 1054, 1976, 537, 862, 1681, 357, 335, 2141, 751, 1888, 477, 625, 1057, 997, 205, 1155, 1218, 1236, 1828, 1417, 952, 1841, 667, 629, 1622, 473, 207, 1916, 531, 1425, 1948, 2719, 1732, 1455, 2628, 1537, 1286, 2522, 596, 1138, 528, 1312, 784, 77, 1196, 682, 455, 1356, 844, 2123, 1805, 2724, 1228, 1539, 2429, 1084, 1058, 2823, 967, 1897, 530, 1381, 274, 820, 966, 421, 637, 1790, 1354, 1647, 525, 1449, 273, 587, 1128, 243, 342, 1726, 1055, 1858, 1267, 2191, 690, 1070, 1881, 537, 549, 2354, 807, 994, 840, 1596, 933, 325, 1510, 778, 468, 1531, 546, 2337, 954, 1698, 476, 1263, 1200, 667, 973, 2201, 1672, 1840, 1407, 574, 2139, 1615, 1125, 2169, 2086, 531, 2433, 2650, 1330, 2069, 745, 1592, 1555, 902, 1222, 2580, 1867, 2366, 1241, 2098, 522, 1359, 1644, 605, 904, 2494, 1483, 2278, 1437, 2349, 721, 1391, 1953, 678, 866, 2633, 1251, 2240, 734, 1347, 625, 1173, 830, 809, 1050, 1912, 1767, 2869, 1646, 2419, 987, 1844, 1910, 1103, 1409, 2905, 1977, 3442, 2512, 3363, 1782, 2556, 2882, 1811, 2038, 3757, 2354, 1491, 923, 1827, 584, 651, 1584, 389, 162, 1938, 615, 1754, 480, 1383, 254, 680, 1020, 328, 492, 1726, 1205, 3054, 2236, 3124, 1502, 2216, 2679, 1495, 1688, 3455, 1949, 1323, 366, 1232, 639, 246, 1047, 576, 442, 1389, 986, 2910, 2224, 3134, 1503, 2140, 2720, 1462, 1609, 3406, 1778, 2876, 1623, 2379, 983, 1841, 1865, 1109, 1420, 2879, 2005, 1789, 269, 1052, 587, 744, 662, 685, 790, 1497, 1464, 1263, 392, 1226, 696, 187, 1069, 624, 464, 1351, 963, 3381, 2117, 2825, 1492, 2350, 2291, 1615, 1921, 3365, 2473, 1462, 603, 427, 1337, 857, 625, 1360, 1287, 701, 1719, 1870, 386, 1176, 482, 806, 756, 607, 762, 1628, 1461, 1683, 1002, 1925, 503, 815, 1631, 317, 286, 2092, 753, 2613, 1145, 1738, 809, 1537, 1197, 1003, 1301, 2332, 2007, 3324, 2538, 3424, 1804, 2511, 2973, 1796, 1982, 3755, 2201, 1100, 445, 986, 1019, 304, 986, 968, 801, 1005, 1157, 478, 1090, 1551, 1429, 600, 1653, 1295, 1000, 1226, 857, 1281, 300, 1110, 747, 240, 965, 702, 573, 1259, 1071, 2396, 1933, 2859, 1283, 1735, 2518, 1176, 1224, 3023, 1246, 1544, 145, 781, 873, 616, 577, 913, 898, 1143, 1460, 2256, 1297, 2196, 566, 1311, 1782, 563, 806, 2519, 1294, 1423, 633, 1537, 488, 429, 1300, 345, 130, 1687, 793, 2913, 1826, 2653, 1114, 1941, 2166, 1182, 1457, 3083, 1930, 2490, 1667, 2573, 941, 1625, 2160, 912, 1099, 2869, 1427]
[3977, 2780, 3497, 2125, 2978, 2961, 2226, 2516, 4034, 2991, 3731, 2491, 3194, 1856, 2713, 2656, 1969, 2269, 3741, 2784, 2719, 1181, 1519, 1121, 1672, 969, 1313, 1570, 2206, 2288, 725, 1548, 2166, 1612, 1007, 2189, 1431, 1114, 1859, 526, 2630, 1091, 1395, 1102, 1595, 845, 1289, 1529, 2087, 2245, 1064, 1191, 1969, 1104, 696, 1869, 916, 609, 1859, 174, 1854, 467, 1321, 321, 777, 917, 449, 636, 1727, 1349, 1825, 341, 1149, 495, 763, 746, 606, 742, 1586, 1434, 2066, 548, 885, 916, 1087, 362, 1051, 1184, 1508, 1854, 1333, 428, 1305, 598, 262, 1108, 518, 367, 1457, 929, 2948, 1413, 1553, 1452, 1933, 1037, 1642, 1885, 2295, 2600, 1678, 470, 1389, 281, 607, 1054, 302, 418, 1695, 1128, 2909, 1373, 1530, 1410, 1892, 1009, 1599, 1842, 2268, 2557, 2776, 2021, 2926, 1295, 1962, 2507, 1264, 1431, 3217, 1666, 2054, 1146, 2062, 441, 1117, 1680, 386, 605, 2344, 1113, 2317, 838, 884, 1193, 1379, 347, 1342, 1490, 1606, 2160, 1207, 1360, 949, 2057, 1321, 1417, 2025, 1849, 175, 2005, 1988, 509, 1256, 466, 919, 799, 622, 822, 1741, 1533, 2494, 965, 1427, 878, 1436, 878, 1068, 1321, 2065, 2039, 2339, 1361, 2252, 627, 1390, 1826, 639, 888, 2590, 1372, 802, 737, 1211, 1196, 342, 1281, 1101, 858, 1031, 1002, 2337, 882, 1553, 569, 1261, 1038, 764, 1046, 2098, 1760, 982, 2093, 2669, 2126, 1552, 2728, 1938, 1630, 2272, 953, 2636, 1261, 1960, 744, 1566, 1437, 918, 1236, 2498, 1907, 1896, 1083, 2008, 444, 988, 1663, 319, 463, 2241, 951, 2900, 2069, 2960, 1335, 2049, 2520, 1327, 1523, 3286, 1806, 1281, 922, 1782, 750, 534, 1602, 565, 255, 1812, 468, 874, 831, 1517, 1033, 290, 1479, 892, 594, 1401, 640, 2244, 711, 1039, 937, 1240, 491, 1096, 1273, 1692, 1966, 1397, 905, 1793, 646, 584, 1576, 456, 169, 1872, 554, 1467, 701, 382, 1436, 932, 675, 1457, 1377, 614, 1787, 2847, 1966, 2850, 1232, 1969, 2404, 1235, 1446, 3193, 1774, 1653, 229, 720, 912, 735, 460, 974, 990, 1166, 1573, 3500, 2190, 2856, 1600, 2456, 2314, 1735, 2047, 3427, 2621, 1596, 484, 1410, 329, 532, 1106, 291, 336, 1672, 1038, 1918, 520, 1352, 316, 841, 928, 467, 679, 1779, 1395, 2611, 2002, 2923, 1304, 1872, 2540, 1233, 1345, 3150, 1476, 902, 1024, 958, 1670, 887, 1278, 1617, 1417, 471, 1562, 3057, 1725, 2409, 1151, 2001, 1874, 1300, 1617, 2963, 2233, 2736, 1663, 905, 2236, 2120, 1006, 2353, 2420, 1551, 2986, 2183, 826, 1617, 333, 1110, 1144, 528, 826, 2082, 1532, 1479, 1430, 2292, 1098, 1027, 2105, 905, 694, 2266, 324, 2578, 1040, 1316, 1102, 1554, 767, 1285, 1513, 2012, 2225, 2553, 1103, 977, 1444, 1643, 522, 1600, 1758, 1740, 2431, 2883, 1532, 2219, 978, 1820, 1688, 1137, 1457, 2769, 2096, 2401, 930, 917, 1274, 1471, 402, 1427, 1580, 1656, 2253, 1508, 694, 1610, 422, 529, 1346, 258, 88, 1783, 805, 2018, 534, 1264, 482, 949, 798, 642, 849, 1760, 1561, 1884, 1848, 2736, 1389, 1485, 2509, 1215, 1088, 2733, 745, 2650, 1290, 1999, 752, 1584, 1478, 922, 1241, 2531, 1905, 2348, 810, 1247, 852, 1306, 701, 1030, 1252, 1882, 1964, 1001, 633, 904, 1258, 509, 1038, 1209, 1030, 778, 1299, 2819, 1514, 2243, 915, 1768, 1722, 1061, 1378, 2764, 1999, 2467, 1017, 915, 1377, 1556, 439, 1529, 1680, 1671, 2348, 2952, 2029, 2899, 1295, 2057, 2440, 1313, 1539, 3265, 1889, 3242, 1710, 2010, 1533, 2182, 1472, 1728, 2017, 2726, 2730, 2225, 768, 1468, 497, 1148, 967, 689, 956, 1992, 1674, 2099, 561, 1094, 729, 1064, 583, 884, 1062, 1672, 1760, 2404, 1106, 1893, 499, 1347, 1404, 663, 982, 2364, 1644, 2033, 1183, 2103, 495, 1122, 1733, 416, 600, 2365, 1065, 2905, 1636, 2379, 1008, 1865, 1861, 1139, 1452, 2890, 2044, 2066, 1364, 2289, 704, 1236, 1937, 599, 705, 2507, 1015, 2542, 1029, 1539, 851, 1475, 992, 1045, 1316, 2163, 2034, 2190, 1044, 387, 1658, 1500, 422, 1758, 1804, 1159, 2365, 2936, 1743, 2525, 1070, 1923, 2019, 1174, 1474, 3003, 2015, 660, 1144, 1758, 1311, 604, 1775, 1151, 834, 1516, 549, 2062, 1294, 2217, 619, 1195, 1856, 526, 666, 2456, 1043, 1718, 561, 372, 1259, 976, 344, 1321, 1316, 940, 1842, 2762, 1337, 1098, 1674, 1876, 722, 1835, 1997, 1874, 2669, 1567, 1016, 357, 1750, 1216, 859, 1772, 1683, 419, 2048, 2694, 1463, 2249, 804, 1662, 1750, 927, 1237, 2723, 1829, 1059, 1193, 1970, 1110, 698, 1871, 922, 614, 1858, 173, 2453, 1138, 721, 1627, 1651, 458, 1759, 1865, 1498, 2489, 2364, 1086, 1889, 458, 1310, 1408, 617, 936, 2346, 1595, 1468, 1467, 2322, 1146, 1054, 2144, 953, 737, 2283, 311, 1507, 980, 1884, 620, 699, 1640, 424, 219, 1987, 588, 828, 1814, 1665, 2395, 1546, 2068, 2305, 2049, 917, 1934, 1914, 864, 1774, 159, 904, 1395, 148, 460, 2083, 1116, 1794, 862, 1786, 259, 816, 1444, 96, 331, 2040, 970, 969, 651, 938, 1261, 494, 1070, 1206, 1019, 794, 1272, 1124, 1699, 2428, 1584, 1183, 2372, 1390, 1103, 2207, 386, 3527, 2182, 2815, 1621, 2472, 2269, 1766, 2082, 3406, 2676, 1881, 496, 1344, 306, 804, 933, 444, 645, 1756, 1361, 2376, 849, 1078, 1060, 1381, 527, 1226, 1413, 1769, 2109, 42, 1529, 1849, 1881, 1059, 2041, 1740, 1434, 1343, 1116, 1448, 1471, 2322, 1161, 1051, 2149, 968, 746, 2274, 292, 1091, 653, 1436, 814, 163, 1325, 684, 411, 1440, 715, 2674, 1150, 1272, 1294, 1681, 747, 1473, 1685, 2006, 2391, 1654, 459, 1381, 301, 582, 1055, 309, 405, 1678, 1111, 3120, 2061, 2886, 1347, 2165, 2395, 1407, 1671, 3318, 2104, 2902, 1411, 1910, 1102, 1827, 1358, 1294, 1596, 2553, 2299, 2254, 1295, 2195, 564, 1309, 1781, 561, 804, 2517, 1293, 2598, 1935, 2853, 1229, 1827, 2462, 1168, 1298, 3099, 1475, 1638, 1346, 2244, 913, 1021, 2005, 728, 586, 2300, 519, 927, 623, 1065, 1159, 349, 1135, 1087, 879, 947, 1118, 369, 1218, 1468, 1678, 821, 1678, 1565, 1289, 996, 1179, 2005, 715, 1570, 159, 937, 1141, 352, 640, 1974, 1350, 1913, 376, 940, 751, 905, 488, 870, 989, 1476, 1657, 2062, 1145, 2059, 437, 1121, 1675, 387, 611, 2345, 1124, 1833, 604, 1501, 130, 768, 1119, 248, 488, 1849, 1205]
solution Y:
[0, 0, 0, 0, 0, 0, 0, 0, 0, 0, 1, 0, 1, 0, 0, 0, 0, 0, 1, 0, 0, 1, 1, 0, 0, 1, 0, 0, 0, 0, 0, 0, 0, 1, 1, 0, 1, 1, 0, 0, 0, 0, 0, 0, 0, 0, 0, 0, 0, 0, 0, 1, 0, 0, 1, 0, 0, 1, 0, 0, 0, 0, 0, 0, 0, 0, 1, 1, 0, 0, 1, 0, 0, 0, 0, 0, 0, 0, 0, 0, 1, 0, 0, 0, 0, 0, 0, 0, 0, 1, 0, 0, 0, 1, 0, 0, 0, 0, 0, 0, 0, 0, 0, 0, 0, 0, 0, 0, 0, 0, 0, 0, 0, 0, 0, 0, 0, 0, 0, 0, 0, 0, 0, 0, 0, 0, 0, 0, 0, 0, 1, 0, 0, 0, 1, 0, 0, 0, 0, 0, 0, 0, 1, 0, 0, 1, 0, 0, 1, 0, 0, 0, 0, 0, 0, 0, 0, 0, 0, 0, 0, 0, 0, 0, 0, 0, 0, 0, 0, 0, 0, 0, 0, 0, 0, 0, 0, 0, 0, 0, 0, 0, 0, 0, 1, 0, 0, 1, 0, 1, 0, 0, 0, 0, 0, 0, 0, 0, 0, 0, 0, 0, 0, 0, 0, 1, 0, 0, 0, 0, 0, 0, 0, 0, 0, 0, 0, 0, 0, 0, 0, 0, 0, 0, 0, 0, 0, 1, 0, 0, 0, 1, 0, 0, 0, 0, 0, 0, 0, 0, 0, 1, 0, 0, 0, 0, 0, 0, 0, 0, 1, 1, 1, 0, 1, 0, 0, 0, 1, 0, 0, 1, 0, 1, 1, 1, 1, 0, 0, 0, 0, 1, 0, 0, 0, 0, 0, 0, 0, 0, 0, 0, 0, 0, 0, 0, 0, 0, 0, 0, 0, 0, 0, 0, 0, 0, 0, 0, 0, 1, 0, 0, 0, 0, 0, 0, 0, 0, 0, 0, 0, 0, 0, 0, 0, 0, 0, 0, 0, 0, 0, 0, 0, 0, 0, 0, 0, 0, 0, 1, 0, 0, 0, 0, 0, 0, 0, 0, 0, 0, 1, 0, 0, 0, 1, 0, 0, 0, 1, 0, 0, 0, 0, 0, 0, 0, 0, 0, 0, 1, 0, 0, 0, 1, 0, 0, 0, 0, 0, 0, 0, 0, 0, 0, 0, 0, 1, 1, 0, 0, 0, 0, 0, 0, 0, 0, 0, 0, 0, 0, 0, 1, 0, 0, 0, 0, 0, 0, 1, 0, 0, 1, 1, 0, 0, 1, 0, 0, 0, 0, 0, 1, 1, 0, 0, 1, 0, 0, 1, 0, 0, 0, 0, 1, 0, 0, 1, 1, 0, 0, 0, 1, 0, 0, 0, 0, 0, 0, 0, 0, 0, 0, 0, 0, 0, 0, 0, 1, 0, 1, 0, 0, 0, 0, 0, 0, 0, 0, 0, 0, 0, 0, 0, 0, 0, 1, 0, 0, 0, 0, 0, 0, 0, 0, 0, 0, 0, 0, 0, 0, 0, 0, 0, 0, 0, 0, 0, 0, 0, 0, 1, 0, 0, 0, 1, 0, 0, 0, 0, 0, 0, 0, 0, 0, 0, 0, 0, 0, 0, 0, 0, 0, 0, 0, 0, 0, 0, 0, 0, 0, 0, 0, 0, 0, 0, 0, 1, 1, 0, 1, 1, 0, 0, 0, 0, 0, 0, 0, 1, 0, 1, 0, 0, 0, 0, 0, 0, 0, 0, 0, 0, 0, 0, 0, 0, 0, 0, 0, 0, 0, 0, 0, 0, 1, 0, 0, 0, 0, 0, 0, 1, 0, 0, 0, 0, 0, 0, 0, 0, 1, 0, 0, 0, 0, 0, 0, 0, 0, 0, 0, 1, 0, 0, 0, 0, 0, 0, 0, 0, 0, 0, 1, 0, 1, 0, 0, 1, 0, 0, 0, 0, 0, 0, 0, 0, 0, 0, 0, 0, 0, 0, 1, 0, 0, 0, 1, 0, 0, 0, 0, 0, 0, 0, 0, 0, 1, 0, 0, 0, 0, 0, 0, 0, 1, 0, 0, 1, 1, 0, 0, 0, 0, 0, 0, 0, 0, 0, 0, 0, 0, 0, 0, 0, 0, 0, 0, 0, 0, 0, 0, 0, 1, 0, 0, 0, 0, 0, 0, 0, 0, 1, 0, 0, 0, 0, 0, 0, 0, 0, 0, 0, 0, 0, 1, 0, 0, 0, 0, 0, 0, 0, 0, 0, 1, 0, 0, 1, 0, 0, 0, 0, 0, 0, 0, 0, 1, 0, 0, 0, 0, 1, 0, 0, 0, 1, 0, 0, 1, 0, 1, 0, 0, 0, 0, 0, 0, 0, 0, 0, 1, 1, 0, 0, 0, 0, 0, 0, 0, 0, 1, 0, 0, 0, 1, 0, 0, 1, 1, 0, 0, 0, 0, 0, 1, 1, 0, 1, 1, 0, 0, 1, 0, 0, 0, 0, 0, 0, 0, 0, 0, 0, 0, 0, 0, 0, 0, 0, 0, 0, 0, 0, 0, 0, 0, 0, 0, 0, 0, 0, 0, 0, 0, 1, 0, 0, 0, 0, 0, 1, 0, 0, 0, 0, 0, 0, 0, 1, 0, 0, 0, 0, 0, 0, 0, 0, 0, 0, 0, 0, 0, 0, 0, 0, 0, 0, 0, 0, 0, 0, 0, 0, 0, 0, 0, 0, 0, 0, 0, 0, 0, 0, 0, 0, 0, 0, 0, 0, 0, 0, 0, 0, 1, 0, 1, 0, 0, 1, 1, 0, 0, 1, 0, 0, 0, 0, 0, 0, 0, 0, 0, 1, 0, 0, 0, 0, 0, 0, 0, 0, 1, 0, 0, 0, 0, 0, 0, 0, 0, 0, 0, 0, 0, 0, 1, 0, 0, 0, 0, 0, 0, 0, 1, 0, 0, 0, 1, 0, 0, 0, 0, 0, 0, 0, 0, 0, 0, 0, 0, 0, 0, 0, 0, 0, 0, 0, 0, 0, 0, 0, 0, 0, 0, 0, 1, 0, 0, 0, 0, 0, 0, 0, 0, 0, 1, 0, 0, 1, 0, 0, 0, 0, 1, 1, 0, 1, 1, 0, 0, 0, 0, 1, 0, 0, 0, 0, 0, 0, 0, 0, 0, 0, 0, 0, 0, 0, 0, 0, 0, 0, 0, 0, 0, 0, 0, 0, 0, 0, 0, 0, 0]
[0, 0, 0, 0, 0, 0, 0, 0, 0, 0, 0, 1, 0, 0, 0, 0, 0, 0, 0, 0, 0, 0, 0, 0, 0, 0, 0, 0, 0, 0, 0, 0, 0, 0, 0, 0, 0, 0, 0, 1, 0, 0, 0, 0, 0, 0, 0, 1, 0, 0, 0, 0, 0, 1, 0, 0, 0, 0, 0, 0, 1, 0, 0, 0, 1, 0, 0, 0, 0, 0, 0, 0, 0, 0, 0, 0, 0, 1, 0, 0, 0, 0, 0, 0, 0, 0, 0, 0, 0, 0, 0, 0, 0, 0, 1, 0, 0, 0, 1, 0, 0, 0, 1, 0, 1, 0, 0, 0, 1, 0, 1, 0, 0, 0, 0, 0, 0, 0, 0, 0, 0, 0, 0, 0, 0, 0, 0, 0, 0, 0, 0, 0, 0, 0, 0, 0, 0, 0, 0, 0, 0, 0, 0, 0, 0, 0, 0, 0, 0, 0, 1, 0, 0, 0, 0, 0, 0, 0, 0, 0, 0, 0, 0, 0, 0, 0, 0, 0, 0, 0, 0, 0, 0, 0, 0, 0, 0, 0, 0, 1, 0, 0, 0, 0, 0, 0, 0, 0, 0, 0, 0, 0, 0, 0, 0, 0, 0, 0, 0, 0, 0, 0, 0, 0, 0, 0, 0, 0, 0, 0, 0, 0, 0, 0, 1, 0, 0, 0, 0, 0, 0, 0, 0, 0, 0, 0, 1, 0, 0, 0, 0, 0, 0, 0, 0, 0, 0, 0, 0, 0, 0, 0, 0, 0, 0, 0, 0, 0, 0, 0, 0, 0, 0, 0, 0, 0, 0, 0, 0, 0, 0, 0, 0, 0, 0, 0, 0, 0, 0, 0, 0, 0, 1, 0, 0, 1, 0, 0, 0, 0, 0, 0, 0, 0, 0, 0, 0, 0, 0, 0, 0, 0, 0, 0, 0, 0, 0, 0, 0, 0, 0, 0, 0, 0, 0, 0, 0, 0, 0, 0, 0, 0, 0, 0, 1, 0, 1, 1, 0, 0, 0, 0, 0, 0, 0, 0, 0, 0, 0, 0, 0, 0, 0, 0, 0, 0, 0, 0, 0, 0, 0, 0, 0, 1, 0, 0, 0, 0, 0, 0, 0, 0, 0, 0, 0, 1, 0, 0, 0, 0, 0, 0, 0, 0, 1, 0, 0, 0, 0, 0, 0, 0, 0, 0, 0, 0, 0, 0, 0, 0, 0, 0, 0, 0, 0, 0, 0, 0, 0, 0, 0, 0, 0, 0, 0, 0, 0, 0, 0, 0, 0, 0, 0, 0, 0, 0, 0, 0, 0, 0, 0, 0, 0, 0, 0, 0, 0, 0, 0, 0, 0, 0, 0, 0, 0, 0, 0, 0, 0, 0, 0, 0, 0, 0, 0, 1, 0, 0, 0, 0, 0, 0, 0, 1, 0, 0, 0, 0, 0, 0, 0, 0, 0, 0, 0, 0, 0, 0, 0, 0, 0, 0, 0, 0, 0, 0, 0, 0, 0, 0, 0, 0, 0, 1, 0, 0, 1, 1, 0, 1, 0, 0, 0, 0, 0, 0, 0, 0, 0, 0, 0, 0, 0, 0, 0, 0, 0, 0, 0, 0, 1, 0, 0, 0, 0, 0, 0, 0, 1, 0, 0, 1, 0, 0, 0, 1, 0, 0, 0, 0, 0, 0, 1, 0, 0, 0, 0, 0, 1, 0, 0, 1, 0, 0, 1, 0, 0, 0, 0, 0, 0, 0, 0, 0, 0, 0, 0, 0, 0, 0, 0, 0, 0, 0, 0, 0, 0, 0, 0, 0, 0, 0, 0, 0, 0, 1, 0, 0, 0, 0, 0, 0, 1, 0, 0, 0, 0, 0, 0, 0, 0, 0, 0, 0, 1, 0, 0, 0, 0, 0, 0, 0, 0, 0, 0, 0, 0, 0, 0, 0, 0, 0, 0, 0, 0, 0, 0, 0, 1, 0, 0, 0, 0, 0, 0, 0, 0, 0, 0, 0, 0, 0, 0, 0, 0, 0, 0, 0, 0, 0, 0, 0, 0, 0, 0, 0, 0, 0, 0, 0, 0, 0, 0, 0, 0, 0, 0, 0, 0, 0, 0, 0, 0, 0, 0, 1, 0, 0, 0, 0, 0, 0, 0, 1, 0, 0, 0, 0, 0, 0, 0, 0, 0, 1, 0, 0, 1, 1, 0, 0, 0, 0, 0, 0, 0, 0, 0, 0, 0, 0, 0, 0, 0, 0, 0, 0, 0, 0, 0, 1, 0, 0, 0, 0, 1, 0, 0, 1, 0, 1, 0, 0, 0, 1, 0, 0, 1, 0, 0, 0, 0, 0, 1, 0, 0, 0, 0, 0, 1, 0, 0, 0, 0, 0, 0, 0, 0, 0, 0, 0, 0, 0, 0, 0, 0, 0, 0, 0, 0, 0, 0, 0, 0, 0, 0, 0, 0, 0, 0, 0, 0, 0, 0, 0, 0, 1, 0, 0, 0, 0, 0, 0, 0, 0, 0, 0, 0, 0, 0, 0, 0, 0, 1, 0, 0, 1, 0, 0, 0, 0, 0, 0, 0, 0, 0, 0, 0, 1, 0, 1, 0, 0, 0, 1, 0, 0, 1, 0, 0, 0, 0, 0, 0, 0, 0, 0, 0, 0, 0, 0, 1, 0, 0, 0, 1, 0, 1, 1, 0, 1, 0, 0, 0, 0, 0, 0, 0, 0, 0, 1, 0, 0, 1, 0, 0, 1, 0, 0, 0, 0, 0, 0, 0, 0, 1, 0, 0, 1, 0, 0, 0, 0, 0, 0, 1, 0, 0, 0, 0, 0, 0, 0, 0, 1, 0, 0, 1, 1, 0, 0, 0, 0, 0, 0, 0, 0, 0, 0, 1, 0, 0, 0, 0, 0, 0, 0, 0, 0, 0, 0, 0, 0, 0, 0, 0, 0, 0, 0, 0, 0, 0, 0, 0, 0, 0, 0, 0, 0, 0, 0, 0, 0, 0, 0, 0, 0, 0, 0, 1, 0, 0, 0, 0, 0, 0, 0, 0, 0, 0, 0, 0, 0, 0, 0, 0, 0, 0, 0, 0, 0, 0, 0, 0, 0, 1, 0, 0, 1, 0, 1, 0, 0, 0, 0, 0, 0, 0, 0, 1, 0, 0, 0, 0, 0, 0, 0, 0, 0, 0, 0, 0, 1, 0, 0, 0, 0, 0, 0, 1, 0, 0, 0, 0, 0, 0, 0, 0, 0, 0, 0]
[0, 0, 0, 0, 0, 1, 0, 0, 0, 0, 0, 0, 0, 0, 1, 0, 0, 0, 0, 1, 0, 0, 0, 0, 0, 0, 0, 1, 0, 1, 1, 0, 0, 0, 0, 0, 0, 0, 1, 0, 1, 0, 0, 0, 0, 0, 0, 0, 0, 0, 1, 0, 0, 0, 0, 0, 0, 0, 0, 0, 0, 1, 0, 0, 0, 1, 0, 0, 0, 0, 0, 0, 0, 1, 0, 0, 1, 0, 0, 0, 0, 0, 0, 0, 0, 0, 0, 0, 0, 0, 0, 0, 0, 0, 0, 0, 0, 0, 0, 0, 0, 0, 0, 0, 0, 0, 0, 0, 0, 0, 0, 0, 0, 0, 0, 0, 0, 0, 0, 0, 0, 0, 0, 1, 1, 0, 1, 1, 0, 0, 0, 1, 0, 0, 0, 1, 0, 0, 0, 0, 0, 0, 0, 0, 0, 0, 0, 0, 0, 0, 0, 0, 0, 0, 0, 0, 0, 0, 0, 0, 0, 0, 0, 0, 0, 0, 0, 0, 0, 0, 0, 0, 0, 0, 0, 0, 0, 0, 0, 0, 1, 0, 0, 0, 0, 0, 0, 0, 0, 0, 1, 1, 0, 0, 1, 1, 0, 1, 0, 1, 0, 1, 1, 0, 1, 0, 0, 1, 0, 1, 0, 0, 0, 0, 0, 0, 1, 0, 0, 0, 0, 0, 1, 0, 0, 1, 0, 0, 0, 0, 0, 0, 0, 0, 0, 0, 0, 0, 0, 0, 1, 0, 0, 0, 0, 0, 0, 0, 0, 0, 0, 0, 0, 0, 0, 0, 0, 0, 0, 1, 0, 0, 0, 0, 0, 0, 0, 0, 0, 1, 0, 0, 0, 0, 0, 0, 0, 0, 1, 0, 0, 0, 0, 0, 0, 0, 0, 0, 0, 0, 0, 0, 0, 0, 0, 0, 0, 0, 0, 0, 0, 0, 0, 0, 1, 0, 0, 0, 0, 0, 0, 0, 0, 0, 0, 0, 0, 0, 0, 0, 1, 1, 0, 0, 1, 0, 0, 0, 0, 0, 0, 1, 1, 0, 0, 1, 0, 0, 1, 0, 0, 0, 0, 0, 0, 0, 0, 0, 0, 0, 0, 0, 0, 0, 0, 0, 0, 0, 0, 0, 0, 1, 0, 0, 0, 0, 1, 1, 0, 0, 0, 0, 0, 0, 0, 0, 0, 0, 0, 0, 0, 1, 1, 0, 1, 0, 0, 0, 0, 0, 0, 0, 0, 0, 0, 0, 0, 0, 0, 0, 0, 0, 0, 0, 1, 0, 0, 0, 0, 1, 0, 0, 0, 0, 0, 0, 0, 0, 0, 0, 0, 0, 0, 0, 0, 0, 0, 0, 0, 0, 0, 0, 0, 0, 0, 0, 0, 0, 1, 0, 0, 0, 0, 0, 0, 0, 1, 0, 0, 0, 0, 0, 0, 0, 0, 0, 0, 0, 0, 0, 0, 0, 0, 1, 0, 0, 0, 0, 0, 0, 0, 1, 0, 0, 1, 0, 0, 0, 0, 0, 1, 0, 0, 0, 1, 0, 0, 1, 0, 0, 0, 1, 0, 0, 0, 1, 0, 0, 0, 0, 0, 0, 0, 0, 0, 0, 0, 0, 0, 0, 0, 0, 0, 0, 0, 0, 0, 0, 0, 0, 0, 1, 0, 0, 0, 1, 0, 0, 0, 0, 0, 0, 0, 0, 0, 0, 0, 0, 0, 0, 0, 0, 0, 0, 1, 0, 0, 0, 1, 1, 0, 0, 0, 0, 0, 0, 0, 0, 0, 0, 0, 1, 0, 0, 1, 0, 0, 0, 0, 0, 0, 0, 0, 0, 0, 0, 0, 0, 0, 0, 0, 1, 1, 0, 0, 0, 0, 0, 0, 0, 0, 0, 0, 0, 0, 1, 0, 0, 0, 0, 0, 0, 0, 0, 0, 0, 0, 1, 0, 1, 1, 1, 0, 0, 1, 0, 0, 0, 1, 0, 0, 0, 0, 0, 0, 0, 0, 0, 0, 0, 0, 0, 0, 0, 0, 0, 1, 1, 0, 0, 0, 0, 1, 0, 0, 0, 0, 0, 0, 0, 0, 0, 0, 0, 0, 0, 0, 0, 0, 0, 0, 0, 0, 0, 0, 0, 0, 0, 0, 0, 0, 0, 1, 0, 0, 0, 0, 0, 1, 0, 0, 0, 0, 0, 0, 0, 0, 1, 0, 1, 1, 0, 0, 0, 0, 0, 0, 0, 0, 0, 0, 0, 0, 0, 0, 0, 0, 0, 0, 0, 0, 1, 1, 0, 0, 0, 0, 0, 1, 0, 0, 0, 0, 0, 0, 0, 0, 0, 0, 0, 1, 1, 1, 0, 1, 0, 0, 0, 1, 0, 0, 0, 0, 1, 1, 0, 1, 1, 0, 0, 0, 0, 0, 0, 0, 0, 0, 0, 0, 0, 0, 0, 0, 0, 0, 0, 0, 0, 0, 0, 0, 0, 1, 0, 0, 1, 0, 0, 0, 0, 0, 0, 0, 0, 1, 0, 0, 1, 0, 1, 0, 0, 0, 0, 0, 0, 0, 0, 0, 0, 0, 0, 0, 0, 0, 0, 0, 1, 0, 0, 1, 0, 0, 0, 0, 0, 0, 0, 1, 0, 0, 0, 0, 0, 0, 0, 0, 0, 0, 0, 0, 0, 0, 0, 0, 0, 0, 0, 0, 0, 0, 0, 0, 1, 0, 0, 0, 0, 0, 0, 1, 0, 0, 0, 0, 0, 0, 0, 1, 0, 0, 0, 0, 0, 0, 0, 0, 0, 1, 0, 0, 1, 0, 0, 1, 0, 0, 0, 0, 0, 0, 0, 0, 0, 0, 0, 0, 0, 0, 0, 0, 0, 0, 0, 0, 0, 0, 0, 0, 0, 1, 0, 0, 0, 1, 0, 0, 0, 0, 0, 0, 0, 0, 0, 0, 0, 0, 0, 0, 0, 0, 0, 1, 0, 0, 1, 0, 0, 0, 0, 0, 0, 0, 0, 0, 0, 1, 1, 0, 0, 0, 0, 0, 0, 0, 0, 0, 0, 0, 0, 0, 0, 0, 0, 0, 1, 0, 0, 0, 0, 0, 0, 0, 0, 0, 0, 0, 0, 0, 0, 0, 0, 0, 0, 1, 0, 0, 0, 0, 0, 0, 0, 0, 0, 0, 0, 0, 0, 0, 0, 0, 0, 0, 0, 0, 0, 0, 0, 0, 0]
[0, 0, 0, 0, 0, 0, 0, 0, 0, 1, 0, 0, 0, 0, 0, 1, 0, 0, 0, 0, 0, 0, 0, 0, 0, 0, 0, 0, 0, 0, 0, 1, 0, 0, 0, 0, 0, 0, 0, 0, 0, 0, 0, 0, 0, 0, 0, 0, 1, 0, 0, 0, 0, 0, 0, 0, 1, 0, 0, 0, 0, 0, 0, 1, 0, 0, 0, 0, 0, 0, 0, 0, 0, 0, 0, 0, 0, 0, 0, 1, 0, 0, 0, 0, 0, 0, 0, 0, 0, 0, 0, 1, 0, 0, 0, 0, 0, 0, 0, 0, 0, 0, 0, 0, 0, 0, 0, 0, 0, 1, 0, 0, 0, 0, 0, 0, 0, 0, 0, 0, 0, 0, 0, 0, 0, 0, 0, 0, 0, 0, 0, 0, 0, 0, 0, 0, 0, 0, 0, 0, 1, 0, 0, 0, 1, 0, 0, 1, 0, 1, 0, 1, 0, 0, 1, 0, 0, 0, 1, 0, 0, 1, 0, 0, 1, 1, 0, 0, 0, 0, 1, 0, 0, 0, 1, 0, 0, 0, 1, 0, 0, 0, 0, 0, 0, 0, 0, 0, 0, 0, 0, 0, 1, 0, 0, 0, 0, 0, 1, 0, 0, 0, 0, 0, 0, 0, 0, 0, 0, 0, 0, 0, 1, 0, 0, 0, 0, 0, 1, 0, 0, 0, 0, 0, 0, 0, 0, 0, 0, 1, 0, 0, 0, 1, 1, 0, 1, 1, 0, 1, 0, 0, 0, 0, 0, 0, 0, 0, 1, 0, 0, 0, 0, 0, 0, 0, 1, 1, 0, 0, 0, 0, 0, 0, 0, 0, 0, 0, 0, 0, 0, 0, 0, 1, 0, 0, 0, 0, 0, 0, 1, 0, 0, 0, 1, 0, 0, 0, 1, 0, 0, 0, 0, 0, 1, 0, 0, 0, 0, 0, 0, 0, 0, 0, 0, 0, 0, 0, 0, 0, 0, 0, 0, 1, 0, 0, 0, 0, 0, 0, 0, 0, 0, 0, 0, 0, 0, 0, 0, 0, 0, 0, 0, 0, 0, 0, 0, 0, 0, 0, 0, 0, 0, 0, 0, 0, 0, 0, 0, 0, 0, 0, 0, 1, 0, 0, 1, 1, 0, 0, 0, 0, 1, 0, 0, 0, 0, 0, 0, 0, 0, 0, 1, 0, 0, 1, 0, 0, 0, 0, 0, 0, 0, 0, 0, 0, 0, 0, 0, 0, 0, 0, 0, 1, 0, 0, 0, 0, 0, 0, 0, 0, 0, 0, 0, 0, 0, 0, 0, 0, 0, 0, 0, 0, 1, 0, 0, 1, 0, 0, 0, 0, 0, 0, 0, 0, 0, 0, 0, 0, 0, 0, 0, 1, 0, 0, 1, 0, 0, 0, 0, 0, 0, 0, 0, 0, 0, 0, 0, 0, 0, 0, 0, 0, 0, 0, 0, 0, 0, 0, 0, 0, 0, 0, 0, 0, 0, 0, 0, 0, 0, 0, 0, 0, 0, 0, 0, 0, 0, 0, 0, 0, 0, 0, 0, 0, 0, 0, 0, 1, 0, 0, 1, 0, 0, 0, 0, 0, 1, 0, 0, 0, 0, 0, 0, 0, 0, 0, 0, 0, 0, 0, 0, 0, 0, 0, 0, 0, 0, 0, 1, 0, 0, 0, 0, 0, 0, 0, 0, 0, 0, 0, 0, 0, 0, 0, 0, 0, 0, 0, 0, 0, 0, 0, 0, 0, 0, 0, 0, 0, 0, 0, 0, 1, 0, 0, 1, 1, 0, 0, 1, 0, 0, 0, 0, 0, 0, 0, 0, 0, 0, 1, 0, 0, 0, 1, 0, 0, 0, 0, 0, 0, 0, 0, 0, 0, 0, 0, 1, 0, 0, 0, 1, 0, 0, 0, 0, 0, 1, 0, 1, 0, 0, 0, 0, 0, 0, 0, 0, 0, 0, 0, 0, 0, 0, 0, 0, 0, 0, 0, 0, 0, 0, 1, 0, 0, 0, 0, 0, 0, 0, 0, 0, 1, 0, 0, 0, 0, 0, 0, 0, 0, 0, 0, 0, 0, 0, 0, 0, 1, 0, 0, 0, 0, 0, 0, 0, 0, 0, 0, 0, 0, 0, 0, 0, 0, 0, 0, 0, 0, 0, 0, 0, 0, 0, 0, 0, 0, 0, 0, 0, 0, 0, 0, 0, 0, 0, 0, 0, 0, 0, 0, 0, 0, 0, 1, 0, 0, 0, 0, 1, 0, 0, 0, 0, 0, 0, 0, 1, 0, 0, 0, 0, 0, 0, 0, 0, 0, 0, 0, 0, 0, 0, 0, 0, 0, 0, 0, 0, 0, 0, 0, 0, 0, 0, 0, 0, 0, 0, 0, 0, 0, 1, 0, 0, 1, 0, 0, 0, 0, 0, 1, 0, 0, 0, 0, 0, 0, 0, 0, 0, 0, 0, 0, 0, 0, 0, 0, 0, 1, 0, 1, 0, 0, 0, 0, 0, 0, 0, 0, 0, 1, 0, 0, 0, 0, 0, 0, 0, 0, 0, 0, 0, 0, 0, 0, 0, 0, 0, 0, 0, 0, 0, 0, 0, 0, 0, 0, 0, 0, 0, 1, 0, 0, 1, 0, 0, 0, 0, 0, 0, 0, 0, 0, 0, 0, 0, 0, 0, 0, 0, 0, 0, 1, 0, 0, 0, 0, 0, 0, 0, 0, 0, 0, 0, 0, 0, 0, 0, 0, 0, 0, 0, 0, 0, 0, 0, 0, 0, 0, 0, 0, 0, 0, 0, 0, 0, 0, 0, 0, 0, 0, 0, 0, 0, 0, 0, 0, 0, 0, 0, 0, 0, 0, 0, 0, 0, 0, 0, 0, 0, 0, 0, 0, 0, 0, 0, 0, 0, 0, 0, 0, 0, 0, 0, 0, 0, 0, 0, 0, 0, 0, 1, 0, 0, 0, 0, 0, 0, 0, 0, 0, 0, 0, 0, 0, 1, 1, 0, 0, 0, 0, 0, 0, 0, 0, 0, 0, 0, 0, 0, 0, 0, 0, 1, 0, 1, 1, 0, 1, 0, 0, 0, 0, 0, 0, 0, 0, 0, 0, 0, 0, 0, 0, 0, 0, 0, 0, 0, 0, 0, 0, 1, 0, 0, 0, 0, 0, 1, 0, 0, 0, 0, 0, 0, 0, 0, 0, 0, 0, 1, 0, 0, 0, 0, 0, 0, 0, 1, 0]
[0, 0, 0, 1, 0, 0, 1, 0, 0, 0, 0, 0, 0, 1, 0, 0, 1, 1, 0, 0, 0, 0, 0, 0, 0, 0, 0, 0, 1, 0, 0, 0, 0, 0, 0, 0, 0, 0, 0, 0, 0, 0, 0, 0, 0, 0, 0, 0, 0, 0, 0, 0, 0, 0, 0, 0, 0, 0, 1, 0, 0, 0, 0, 0, 0, 0, 0, 0, 0, 0, 0, 0, 0, 0, 0, 0, 0, 0, 0, 0, 0, 0, 0, 0, 0, 0, 0, 0, 0, 0, 0, 0, 0, 0, 0, 0, 1, 1, 0, 0, 0, 0, 0, 0, 0, 0, 0, 0, 0, 0, 0, 0, 1, 0, 0, 1, 0, 0, 0, 0, 0, 1, 0, 0, 0, 0, 0, 0, 1, 0, 0, 0, 0, 0, 0, 0, 0, 0, 0, 0, 0, 0, 0, 0, 0, 0, 0, 0, 0, 0, 0, 0, 0, 0, 0, 0, 0, 0, 0, 0, 0, 0, 1, 0, 0, 0, 0, 0, 0, 0, 0, 0, 0, 1, 0, 0, 0, 0, 0, 0, 0, 0, 0, 0, 0, 0, 0, 0, 0, 0, 0, 0, 0, 0, 0, 0, 1, 0, 0, 0, 0, 0, 0, 0, 0, 0, 0, 0, 0, 0, 1, 0, 0, 0, 0, 0, 0, 1, 0, 1, 0, 1, 0, 0, 1, 0, 0, 0, 0, 0, 0, 0, 0, 0, 0, 0, 0, 0, 0, 0, 0, 0, 1, 0, 0, 1, 0, 0, 0, 0, 0, 0, 0, 0, 0, 0, 0, 0, 0, 0, 0, 0, 0, 0, 0, 0, 0, 0, 0, 0, 0, 0, 0, 0, 0, 0, 1, 0, 0, 0, 0, 0, 0, 0, 0, 0, 1, 1, 0, 0, 0, 1, 0, 0, 0, 0, 0, 0, 0, 0, 1, 0, 0, 0, 0, 0, 0, 0, 0, 0, 0, 0, 0, 0, 0, 0, 0, 0, 0, 0, 0, 0, 0, 0, 0, 0, 0, 0, 0, 0, 0, 0, 0, 1, 0, 0, 0, 0, 0, 0, 0, 0, 0, 0, 0, 0, 0, 1, 0, 0, 0, 0, 0, 0, 0, 0, 0, 0, 0, 0, 0, 0, 0, 0, 0, 0, 0, 0, 0, 0, 0, 0, 0, 0, 0, 0, 0, 0, 0, 0, 0, 0, 0, 0, 0, 0, 1, 1, 0, 0, 0, 0, 0, 0, 0, 0, 0, 0, 0, 0, 0, 0, 0, 0, 0, 0, 0, 0, 0, 0, 0, 0, 0, 0, 0, 0, 0, 0, 0, 0, 0, 0, 0, 0, 0, 0, 0, 0, 0, 1, 0, 0, 0, 0, 0, 0, 0, 0, 0, 0, 0, 0, 0, 0, 0, 0, 0, 0, 0, 0, 0, 0, 0, 0, 0, 0, 0, 1, 0, 0, 0, 0, 0, 0, 0, 0, 0, 0, 0, 0, 0, 0, 0, 0, 0, 0, 0, 0, 0, 0, 0, 0, 0, 0, 0, 0, 0, 0, 0, 0, 0, 0, 0, 0, 0, 0, 0, 0, 0, 1, 0, 1, 0, 1, 1, 0, 1, 1, 0, 0, 0, 0, 1, 0, 0, 0, 0, 0, 1, 0, 0, 0, 0, 0, 0, 0, 0, 0, 0, 0, 0, 0, 0, 0, 0, 0, 0, 0, 0, 0, 0, 1, 0, 0, 0, 0, 0, 0, 0, 0, 0, 0, 0, 0, 0, 0, 0, 0, 0, 0, 0, 0, 0, 0, 0, 0, 0, 0, 0, 0, 0, 0, 0, 0, 1, 0, 1, 1, 0, 0, 0, 0, 0, 1, 0, 0, 1, 0, 0, 0, 0, 0, 0, 0, 0, 0, 0, 0, 0, 1, 0, 0, 0, 0, 0, 0, 0, 0, 0, 0, 0, 0, 0, 0, 0, 0, 0, 0, 0, 0, 1, 0, 0, 0, 1, 0, 0, 0, 0, 0, 0, 0, 0, 0, 0, 0, 0, 0, 0, 0, 1, 1, 0, 0, 1, 0, 0, 0, 1, 0, 0, 0, 0, 0, 0, 0, 0, 0, 0, 0, 0, 0, 1, 0, 0, 1, 0, 0, 0, 0, 0, 0, 0, 0, 1, 0, 0, 0, 0, 0, 0, 0, 1, 0, 0, 0, 0, 0, 1, 0, 0, 0, 0, 0, 0, 0, 0, 0, 0, 0, 0, 0, 0, 0, 0, 0, 0, 0, 0, 0, 0, 0, 0, 0, 1, 0, 0, 0, 0, 0, 0, 0, 0, 0, 0, 0, 0, 0, 0, 0, 0, 0, 0, 0, 0, 0, 0, 1, 0, 0, 0, 0, 0, 0, 0, 0, 0, 0, 0, 0, 0, 0, 0, 0, 0, 0, 0, 0, 0, 0, 0, 0, 0, 0, 0, 0, 0, 0, 0, 0, 0, 0, 0, 0, 0, 0, 0, 0, 1, 0, 0, 0, 0, 0, 0, 0, 0, 0, 1, 0, 0, 0, 0, 0, 0, 0, 0, 0, 0, 0, 0, 0, 0, 0, 0, 0, 0, 0, 0, 0, 0, 0, 0, 0, 0, 0, 0, 0, 0, 0, 0, 0, 1, 0, 0, 1, 0, 0, 1, 0, 0, 0, 0, 0, 0, 0, 0, 0, 0, 0, 0, 0, 0, 0, 0, 0, 0, 0, 0, 0, 0, 0, 0, 0, 0, 0, 0, 0, 0, 0, 0, 0, 0, 0, 0, 0, 0, 0, 0, 0, 0, 0, 0, 0, 0, 1, 0, 0, 0, 0, 0, 0, 0, 0, 0, 0, 0, 0, 0, 0, 0, 0, 0, 0, 1, 0, 0, 1, 0, 1, 0, 1, 1, 0, 0, 1, 0, 0, 1, 0, 0, 0, 0, 1, 0, 0, 1, 1, 0, 1, 0, 0, 0, 0, 0, 0, 0, 0, 0, 1, 0, 0, 0, 1, 0, 0, 0, 0, 0, 0, 0, 0, 0, 0, 0, 0, 0, 0, 1, 0, 0, 0, 1, 0, 0, 0, 0, 0, 1, 0, 1, 0, 0, 0, 0, 0, 0, 0, 0, 0, 0, 0, 0, 0, 0, 0, 0, 0, 0, 1, 0, 0, 1, 0, 0, 1, 0, 0, 0, 0, 0, 0, 1, 0, 0, 0, 0, 0, 0, 0]
[0, 0, 0, 0, 0, 0, 0, 0, 0, 0, 0, 0, 0, 0, 0, 0, 0, 0, 0, 0, 0, 0, 0, 0, 0, 0, 0, 0, 0, 0, 0, 0, 1, 0, 0, 1, 0, 0, 0, 0, 0, 0, 1, 0, 0, 1, 0, 0, 0, 0, 0, 0, 0, 0, 0, 0, 0, 0, 0, 0, 0, 0, 0, 0, 0, 0, 0, 0, 0, 0, 0, 0, 1, 0, 0, 0, 0, 0, 1, 0, 0, 0, 0, 0, 0, 0, 1, 1, 0, 0, 1, 0, 0, 0, 0, 0, 0, 0, 0, 0, 0, 1, 0, 1, 0, 1, 1, 1, 0, 0, 0, 0, 0, 0, 0, 0, 0, 0, 0, 0, 0, 0, 1, 0, 0, 1, 0, 0, 0, 0, 0, 0, 1, 0, 0, 0, 0, 0, 1, 0, 0, 0, 0, 0, 0, 0, 0, 0, 0, 0, 0, 0, 0, 0, 0, 0, 0, 0, 0, 0, 0, 0, 0, 1, 0, 0, 0, 0, 0, 0, 0, 0, 0, 0, 0, 0, 0, 0, 0, 0, 0, 0, 0, 0, 0, 0, 0, 0, 0, 0, 0, 0, 0, 0, 0, 0, 0, 0, 0, 0, 0, 0, 0, 0, 0, 0, 0, 0, 0, 0, 0, 1, 0, 0, 0, 0, 0, 0, 0, 0, 0, 0, 0, 1, 0, 0, 0, 0, 0, 0, 0, 0, 0, 0, 0, 0, 0, 0, 0, 0, 0, 0, 0, 0, 0, 0, 0, 0, 0, 0, 0, 0, 0, 1, 0, 0, 0, 0, 0, 0, 0, 0, 0, 0, 0, 0, 0, 0, 0, 0, 0, 0, 0, 0, 0, 0, 0, 1, 0, 0, 0, 0, 0, 1, 0, 0, 0, 0, 0, 0, 1, 0, 1, 0, 0, 0, 0, 0, 1, 0, 0, 0, 0, 0, 0, 0, 0, 0, 0, 0, 0, 1, 0, 0, 0, 0, 0, 0, 1, 0, 0, 0, 0, 0, 0, 1, 0, 0, 0, 0, 0, 0, 0, 0, 0, 0, 1, 1, 0, 0, 0, 0, 0, 0, 0, 0, 0, 0, 0, 0, 1, 0, 1, 0, 0, 0, 0, 0, 1, 0, 0, 0, 0, 0, 0, 0, 0, 0, 0, 1, 0, 0, 0, 0, 0, 0, 0, 0, 0, 1, 0, 0, 0, 0, 0, 0, 0, 0, 0, 1, 0, 0, 0, 0, 1, 0, 1, 1, 0, 1, 0, 0, 0, 1, 0, 0, 1, 1, 0, 0, 0, 0, 0, 0, 0, 0, 0, 0, 0, 0, 0, 1, 0, 0, 0, 0, 0, 0, 0, 0, 0, 0, 0, 0, 0, 0, 0, 0, 0, 0, 0, 0, 0, 0, 0, 0, 0, 0, 0, 0, 1, 0, 0, 0, 1, 0, 0, 0, 0, 1, 0, 0, 1, 0, 0, 0, 0, 0, 0, 0, 1, 0, 0, 0, 0, 0, 0, 0, 0, 0, 0, 0, 0, 1, 0, 0, 0, 0, 0, 0, 0, 0, 0, 1, 0, 0, 0, 0, 0, 0, 0, 0, 0, 0, 0, 0, 0, 0, 0, 0, 0, 0, 0, 1, 0, 0, 1, 1, 0, 0, 0, 0, 0, 1, 0, 0, 0, 0, 0, 0, 0, 0, 0, 1, 0, 0, 1, 0, 0, 0, 0, 0, 0, 0, 0, 0, 0, 1, 0, 0, 0, 0, 0, 0, 1, 0, 0, 0, 0, 1, 0, 0, 1, 0, 0, 0, 0, 0, 1, 0, 0, 0, 0, 0, 0, 0, 0, 0, 1, 0, 0, 0, 0, 0, 0, 0, 0, 1, 0, 0, 0, 0, 0, 0, 0, 0, 0, 0, 0, 0, 0, 0, 0, 0, 0, 0, 0, 0, 0, 0, 0, 0, 0, 0, 0, 0, 0, 0, 0, 0, 0, 0, 0, 0, 0, 0, 1, 1, 0, 0, 0, 1, 0, 0, 0, 0, 0, 0, 0, 0, 0, 0, 0, 0, 0, 1, 0, 0, 0, 0, 0, 0, 0, 0, 0, 0, 0, 0, 0, 0, 1, 0, 0, 0, 0, 0, 0, 0, 1, 0, 0, 0, 0, 0, 0, 0, 0, 0, 0, 0, 0, 1, 0, 0, 0, 0, 0, 0, 0, 0, 0, 0, 0, 0, 0, 0, 0, 0, 0, 0, 0, 0, 0, 0, 0, 0, 0, 0, 0, 0, 0, 0, 0, 0, 0, 0, 0, 1, 0, 0, 0, 0, 0, 1, 0, 0, 1, 0, 0, 0, 0, 0, 0, 0, 0, 0, 0, 0, 0, 0, 0, 0, 0, 0, 0, 0, 0, 0, 0, 0, 0, 0, 0, 0, 0, 0, 0, 0, 0, 1, 0, 0, 0, 0, 0, 0, 0, 0, 0, 0, 0, 0, 0, 0, 0, 0, 0, 0, 0, 1, 0, 0, 0, 0, 0, 0, 0, 0, 0, 0, 0, 0, 0, 0, 0, 0, 0, 0, 0, 0, 0, 0, 0, 0, 0, 0, 0, 0, 0, 0, 0, 0, 0, 1, 0, 1, 0, 0, 0, 0, 0, 0, 0, 0, 0, 0, 0, 0, 0, 0, 0, 0, 0, 0, 0, 1, 0, 0, 0, 0, 0, 0, 0, 0, 0, 0, 0, 0, 0, 0, 0, 0, 0, 0, 0, 0, 0, 0, 0, 0, 1, 0, 0, 0, 0, 0, 0, 0, 0, 0, 0, 0, 0, 0, 0, 0, 0, 0, 1, 0, 0, 0, 0, 0, 0, 0, 0, 0, 0, 0, 0, 1, 0, 0, 0, 1, 0, 0, 0, 0, 0, 0, 0, 0, 0, 0, 0, 0, 0, 1, 1, 0, 0, 0, 0, 0, 0, 0, 1, 0, 0, 1, 0, 1, 0, 0, 0, 0, 0, 0, 0, 0, 0, 0, 0, 0, 0, 0, 0, 0, 0, 1, 0, 0, 0, 1, 0, 0, 0, 0, 0, 0, 0, 0, 0, 0, 0, 0, 0, 0, 0, 0, 0, 0, 0, 0, 0, 1, 0, 1, 0, 0, 0, 0, 0, 0, 0, 0, 0, 0, 0, 0, 0, 0, 0, 0, 0, 0, 0, 0, 0, 0, 0, 0, 0, 0, 0, 0, 0, 0]
[1, 1, 0, 0, 1, 0, 0, 1, 0, 0, 0, 0, 0, 0, 0, 0, 0, 0, 0, 0, 1, 0, 0, 0, 1, 0, 0, 0, 0, 0, 0, 0, 0, 0, 0, 0, 0, 0, 0, 0, 0, 1, 0, 0, 1, 0, 0, 0, 0, 0, 0, 0, 1, 0, 0, 1, 0, 0, 0, 0, 0, 0, 0, 0, 0, 0, 0, 0, 0, 1, 0, 0, 0, 0, 0, 0, 0, 0, 0, 0, 0, 1, 0, 1, 1, 0, 0, 0, 0, 0, 0, 0, 1, 0, 0, 1, 0, 0, 0, 0, 0, 0, 0, 0, 0, 0, 0, 0, 0, 0, 0, 0, 0, 0, 0, 0, 0, 0, 0, 1, 0, 0, 0, 0, 0, 0, 0, 0, 0, 0, 0, 0, 0, 0, 0, 0, 0, 0, 0, 1, 0, 0, 0, 0, 0, 0, 0, 0, 0, 0, 0, 0, 0, 0, 0, 0, 0, 1, 0, 0, 0, 0, 0, 0, 0, 0, 1, 1, 0, 1, 0, 0, 0, 0, 0, 0, 0, 0, 0, 0, 0, 0, 0, 1, 0, 0, 1, 0, 0, 0, 0, 0, 0, 0, 0, 0, 0, 0, 0, 0, 0, 0, 0, 0, 0, 0, 0, 0, 0, 0, 0, 0, 0, 0, 0, 1, 0, 0, 0, 0, 1, 0, 0, 0, 0, 0, 0, 0, 1, 0, 0, 0, 0, 0, 0, 0, 0, 0, 0, 0, 0, 0, 0, 0, 0, 0, 0, 0, 0, 0, 0, 0, 0, 0, 0, 0, 0, 0, 0, 0, 0, 0, 0, 0, 0, 0, 0, 0, 0, 0, 0, 0, 0, 0, 0, 0, 0, 0, 0, 1, 0, 0, 0, 0, 0, 0, 0, 0, 0, 0, 0, 0, 0, 0, 0, 1, 0, 0, 0, 0, 0, 0, 0, 0, 0, 0, 0, 0, 0, 0, 0, 0, 1, 0, 0, 1, 0, 0, 0, 0, 0, 0, 0, 0, 0, 0, 0, 0, 0, 0, 0, 0, 0, 0, 0, 0, 0, 0, 0, 0, 0, 0, 0, 0, 0, 0, 0, 0, 0, 1, 0, 0, 0, 0, 0, 0, 0, 0, 0, 0, 0, 0, 0, 0, 0, 0, 0, 0, 0, 0, 0, 0, 0, 0, 0, 0, 0, 0, 0, 0, 0, 0, 0, 0, 0, 1, 0, 0, 0, 0, 0, 0, 0, 0, 0, 0, 0, 0, 0, 0, 0, 0, 0, 0, 0, 0, 0, 0, 0, 0, 0, 0, 0, 0, 0, 0, 0, 0, 0, 0, 0, 0, 0, 0, 0, 0, 0, 0, 0, 0, 0, 0, 1, 0, 0, 0, 0, 0, 0, 0, 1, 0, 0, 0, 0, 0, 0, 0, 0, 0, 0, 0, 1, 0, 0, 1, 0, 0, 1, 0, 0, 0, 0, 0, 0, 0, 0, 0, 0, 0, 0, 0, 0, 0, 0, 0, 0, 0, 0, 0, 0, 0, 0, 0, 0, 0, 0, 0, 0, 0, 0, 0, 0, 0, 0, 0, 0, 0, 0, 0, 0, 0, 0, 0, 0, 0, 0, 0, 0, 0, 1, 0, 0, 0, 0, 0, 0, 0, 0, 1, 0, 0, 0, 0, 0, 0, 0, 0, 0, 0, 0, 0, 1, 0, 0, 0, 0, 0, 0, 0, 0, 0, 0, 1, 0, 0, 1, 0, 0, 0, 1, 0, 1, 0, 0, 0, 0, 0, 1, 0, 0, 0, 0, 0, 0, 0, 1, 0, 0, 0, 0, 0, 0, 1, 0, 0, 0, 0, 0, 0, 0, 0, 0, 0, 0, 1, 0, 0, 0, 0, 0, 1, 0, 0, 1, 0, 0, 1, 0, 0, 0, 0, 0, 0, 1, 0, 0, 0, 0, 0, 0, 0, 0, 0, 0, 0, 0, 0, 0, 0, 0, 0, 1, 0, 0, 0, 0, 0, 1, 0, 1, 0, 0, 0, 0, 0, 0, 0, 0, 1, 0, 0, 0, 0, 0, 0, 0, 0, 0, 0, 0, 0, 1, 0, 0, 0, 0, 0, 0, 0, 0, 0, 0, 0, 0, 0, 0, 0, 0, 0, 0, 0, 0, 0, 0, 0, 0, 0, 0, 0, 0, 0, 0, 0, 0, 0, 0, 0, 0, 0, 0, 1, 0, 0, 1, 0, 0, 0, 0, 0, 0, 0, 0, 0, 0, 0, 0, 0, 0, 0, 0, 0, 0, 0, 0, 0, 0, 0, 0, 0, 0, 1, 0, 0, 0, 0, 0, 0, 0, 0, 0, 0, 0, 0, 0, 1, 0, 0, 0, 0, 0, 0, 0, 0, 0, 0, 0, 0, 0, 0, 1, 0, 0, 0, 1, 0, 0, 0, 1, 0, 0, 0, 0, 0, 0, 0, 0, 0, 0, 0, 0, 0, 0, 0, 0, 0, 0, 0, 0, 0, 0, 0, 0, 0, 0, 0, 0, 0, 0, 0, 0, 0, 0, 1, 0, 0, 1, 0, 0, 0, 0, 1, 0, 0, 0, 1, 0, 0, 0, 0, 0, 0, 0, 0, 0, 0, 0, 1, 0, 1, 0, 0, 0, 0, 0, 0, 0, 0, 0, 0, 1, 0, 1, 0, 0, 0, 0, 0, 1, 0, 0, 0, 0, 0, 0, 0, 0, 0, 0, 1, 0, 0, 1, 0, 0, 0, 0, 0, 0, 0, 0, 0, 0, 0, 0, 0, 0, 0, 0, 0, 0, 0, 0, 0, 0, 0, 0, 0, 0, 1, 0, 0, 1, 0, 0, 1, 0, 0, 0, 0, 1, 0, 1, 0, 0, 0, 0, 0, 1, 0, 0, 0, 0, 0, 0, 0, 0, 0, 0, 0, 0, 0, 0, 0, 0, 0, 0, 0, 0, 0, 0, 0, 0, 0, 1, 0, 0, 0, 0, 0, 0, 0, 1, 0, 0, 1, 0, 0, 0, 0, 0, 0, 0, 0, 0, 0, 0, 0, 0, 0, 0, 0, 0, 0, 0, 0, 0, 0, 0, 0, 0, 0, 0, 0, 0, 0, 0, 0, 0, 0, 0, 0, 0, 0, 0, 0, 0, 0, 0, 0, 0, 0, 0, 0, 0, 0, 0, 0, 0, 0, 0, 1, 0, 0, 0, 1, 0, 0, 0, 0]
[0, 0, 1, 0, 0, 0, 0, 0, 1, 0, 0, 0, 0, 0, 0, 0, 0, 0, 0, 0, 0, 0, 0, 0, 0, 0, 0, 0, 0, 0, 0, 0, 0, 0, 0, 0, 0, 0, 0, 0, 0, 0, 0, 0, 0, 0, 0, 0, 0, 1, 0, 0, 0, 0, 0, 0, 0, 0, 0, 0, 0, 0, 1, 0, 0, 0, 0, 0, 1, 0, 0, 0, 0, 0, 0, 0, 0, 0, 0, 0, 0, 0, 0, 0, 0, 0, 0, 0, 0, 0, 0, 0, 0, 0, 0, 0, 0, 0, 0, 0, 0, 0, 0, 0, 0, 0, 0, 0, 0, 0, 0, 0, 0, 0, 0, 0, 0, 0, 0, 0, 1, 0, 0, 0, 0, 0, 0, 0, 0, 1, 0, 0, 0, 1, 0, 0, 1, 0, 0, 0, 0, 1, 0, 0, 0, 0, 0, 0, 0, 0, 0, 0, 0, 0, 0, 0, 0, 0, 0, 1, 0, 0, 0, 0, 0, 0, 0, 0, 0, 0, 0, 0, 0, 0, 0, 0, 0, 0, 0, 0, 0, 0, 1, 0, 0, 1, 0, 0, 1, 0, 0, 0, 0, 1, 0, 0, 0, 0, 0, 0, 0, 0, 0, 0, 0, 0, 0, 0, 0, 0, 0, 0, 0, 0, 0, 0, 0, 0, 0, 0, 0, 0, 0, 0, 0, 0, 0, 0, 0, 0, 0, 0, 1, 0, 0, 1, 0, 0, 0, 0, 0, 0, 0, 0, 0, 0, 0, 0, 0, 0, 0, 0, 0, 0, 0, 0, 0, 0, 0, 0, 1, 0, 0, 0, 0, 0, 0, 0, 0, 0, 0, 0, 0, 0, 0, 0, 0, 0, 0, 0, 0, 0, 0, 0, 0, 0, 0, 0, 0, 0, 0, 0, 0, 0, 0, 0, 0, 0, 0, 0, 0, 0, 0, 1, 0, 0, 1, 1, 0, 1, 1, 0, 0, 0, 0, 0, 0, 0, 0, 1, 0, 0, 0, 1, 0, 0, 1, 0, 0, 0, 0, 0, 0, 0, 0, 0, 0, 0, 0, 1, 0, 0, 1, 0, 0, 1, 0, 0, 0, 0, 0, 0, 0, 0, 0, 0, 0, 0, 0, 0, 1, 0, 0, 0, 0, 0, 0, 0, 1, 0, 0, 0, 0, 1, 0, 0, 0, 0, 0, 0, 0, 0, 0, 1, 0, 0, 0, 0, 0, 0, 1, 0, 0, 0, 0, 0, 0, 0, 0, 0, 0, 0, 0, 0, 0, 0, 0, 0, 0, 0, 0, 0, 0, 1, 0, 0, 1, 0, 0, 0, 0, 0, 1, 0, 0, 0, 0, 0, 1, 0, 1, 0, 0, 0, 1, 0, 0, 1, 0, 1, 0, 1, 1, 0, 1, 1, 0, 0, 1, 0, 0, 1, 0, 0, 0, 0, 0, 0, 0, 0, 1, 0, 0, 0, 0, 0, 0, 0, 1, 0, 0, 0, 0, 0, 0, 0, 0, 0, 0, 0, 0, 0, 0, 0, 0, 0, 1, 0, 0, 0, 0, 0, 0, 0, 0, 0, 1, 1, 0, 0, 0, 0, 0, 0, 0, 0, 0, 0, 0, 1, 0, 0, 0, 0, 0, 0, 0, 0, 0, 0, 0, 0, 0, 0, 1, 0, 0, 0, 0, 0, 0, 0, 0, 0, 0, 0, 0, 1, 0, 1, 0, 0, 0, 0, 0, 0, 0, 0, 0, 0, 0, 1, 0, 0, 0, 1, 0, 0, 0, 0, 0, 0, 0, 0, 0, 0, 0, 0, 0, 1, 0, 0, 0, 0, 0, 0, 0, 0, 0, 0, 1, 0, 0, 0, 0, 0, 0, 0, 0, 1, 0, 0, 0, 0, 0, 0, 0, 0, 0, 0, 0, 0, 1, 0, 0, 0, 0, 0, 0, 0, 0, 0, 1, 0, 0, 1, 0, 0, 0, 0, 0, 0, 0, 0, 0, 0, 0, 0, 0, 0, 0, 0, 0, 0, 0, 0, 0, 0, 0, 0, 0, 0, 0, 0, 0, 0, 0, 0, 0, 0, 0, 0, 0, 0, 0, 0, 0, 0, 0, 0, 0, 0, 0, 0, 0, 0, 0, 0, 0, 0, 1, 0, 0, 0, 0, 0, 0, 0, 0, 1, 0, 0, 0, 1, 0, 0, 1, 0, 0, 0, 0, 0, 0, 0, 0, 0, 1, 1, 0, 0, 0, 1, 0, 0, 0, 1, 0, 0, 0, 0, 0, 0, 0, 0, 0, 0, 0, 0, 0, 0, 0, 0, 0, 0, 0, 0, 0, 0, 0, 0, 0, 0, 0, 1, 0, 0, 1, 0, 0, 0, 0, 1, 0, 0, 0, 0, 0, 0, 1, 0, 0, 0, 1, 0, 0, 1, 0, 0, 0, 0, 0, 1, 1, 0, 0, 0, 0, 0, 0, 0, 0, 0, 0, 0, 1, 0, 0, 0, 0, 0, 1, 0, 0, 0, 0, 0, 0, 0, 0, 0, 0, 1, 1, 0, 0, 1, 0, 0, 0, 0, 0, 0, 0, 0, 0, 0, 0, 0, 0, 0, 0, 0, 1, 0, 0, 0, 0, 0, 0, 0, 0, 0, 0, 0, 0, 0, 0, 0, 0, 0, 0, 0, 0, 0, 0, 0, 1, 1, 0, 0, 0, 0, 0, 0, 0, 0, 1, 1, 0, 0, 0, 1, 0, 1, 0, 1, 1, 0, 0, 0, 0, 0, 1, 0, 0, 1, 0, 0, 0, 0, 0, 0, 1, 0, 0, 0, 0, 0, 0, 0, 0, 1, 0, 0, 1, 0, 0, 0, 0, 0, 0, 0, 0, 1, 0, 0, 1, 0, 0, 0, 0, 0, 0, 0, 0, 0, 1, 1, 0, 0, 0, 0, 0, 0, 0, 0, 0, 0, 0, 0, 0, 0, 0, 0, 0, 0, 0, 0, 0, 0, 0, 0, 0, 0, 0, 0, 0, 0, 0, 0, 1, 0, 0, 0, 0, 0, 0, 0, 0, 0, 0, 0, 0, 0, 0, 0, 0, 0, 0, 0, 0, 0, 0, 0, 0, 0, 0, 0, 0, 0, 0, 0, 0, 0, 0, 0, 0, 0, 0, 0, 1, 0, 0, 1, 1, 0, 1, 1, 0, 1, 0, 0, 0, 0, 0, 0, 0, 1, 0, 1]
[0, 0, 0, 0, 0, 0, 0, 0, 0, 0, 0, 0, 0, 0, 0, 0, 0, 0, 0, 0, 0, 0, 0, 1, 0, 0, 1, 0, 0, 0, 0, 0, 0, 0, 0, 0, 0, 0, 0, 0, 0, 0, 0, 1, 0, 0, 1, 0, 0, 0, 0, 0, 0, 0, 0, 0, 0, 0, 0, 0, 0, 0, 0, 0, 0, 0, 0, 0, 0, 0, 0, 1, 0, 0, 1, 0, 0, 0, 0, 0, 0, 0, 1, 0, 0, 1, 0, 0, 1, 0, 0, 0, 0, 0, 0, 0, 0, 0, 0, 1, 1, 0, 0, 0, 0, 0, 0, 0, 0, 0, 0, 0, 0, 0, 0, 0, 0, 0, 0, 0, 0, 0, 0, 0, 0, 0, 0, 0, 0, 0, 0, 0, 0, 0, 0, 0, 0, 1, 0, 0, 0, 0, 0, 0, 0, 0, 0, 0, 0, 0, 0, 0, 0, 1, 0, 0, 1, 0, 0, 0, 1, 0, 0, 0, 0, 0, 0, 0, 0, 0, 0, 1, 0, 0, 0, 0, 1, 1, 0, 0, 0, 1, 0, 0, 0, 0, 0, 0, 0, 0, 0, 0, 0, 0, 0, 0, 0, 0, 0, 0, 0, 0, 0, 1, 0, 0, 1, 0, 0, 0, 0, 0, 0, 0, 0, 0, 0, 0, 0, 0, 0, 0, 0, 0, 0, 0, 0, 0, 0, 0, 1, 0, 0, 0, 0, 0, 0, 0, 1, 0, 0, 0, 0, 0, 1, 0, 0, 0, 0, 0, 0, 0, 0, 0, 0, 1, 0, 0, 0, 0, 0, 0, 1, 0, 0, 0, 0, 0, 1, 0, 0, 0, 0, 0, 0, 0, 0, 0, 0, 0, 0, 0, 0, 0, 0, 0, 0, 0, 0, 1, 0, 0, 0, 1, 0, 0, 1, 0, 0, 0, 0, 1, 0, 0, 0, 1, 0, 0, 0, 0, 0, 0, 0, 0, 0, 0, 0, 0, 0, 0, 0, 0, 0, 0, 0, 0, 0, 1, 0, 0, 1, 0, 0, 0, 1, 0, 0, 0, 0, 0, 0, 0, 0, 0, 0, 0, 0, 0, 0, 0, 0, 0, 0, 0, 0, 0, 0, 0, 0, 0, 0, 0, 0, 0, 0, 1, 0, 0, 0, 0, 0, 1, 0, 0, 1, 0, 0, 0, 0, 0, 1, 0, 0, 0, 0, 0, 0, 0, 1, 0, 0, 0, 0, 0, 0, 1, 0, 0, 0, 0, 1, 0, 0, 0, 0, 0, 0, 0, 1, 0, 1, 0, 0, 0, 0, 0, 0, 0, 0, 0, 1, 0, 0, 0, 1, 0, 0, 0, 0, 0, 0, 0, 0, 0, 0, 0, 0, 0, 0, 0, 0, 0, 0, 0, 0, 0, 0, 0, 0, 0, 0, 0, 0, 1, 0, 0, 1, 0, 0, 0, 0, 0, 0, 0, 0, 0, 0, 0, 0, 1, 0, 0, 1, 0, 0, 1, 0, 0, 1, 0, 0, 1, 1, 0, 0, 1, 0, 0, 1, 0, 0, 0, 0, 0, 0, 0, 0, 0, 0, 0, 0, 0, 1, 0, 0, 1, 0, 0, 0, 0, 0, 0, 0, 0, 0, 0, 0, 0, 0, 0, 0, 0, 0, 0, 0, 0, 0, 0, 0, 0, 0, 0, 0, 0, 0, 0, 0, 0, 0, 0, 0, 0, 1, 0, 0, 1, 0, 0, 0, 0, 0, 0, 0, 0, 0, 0, 0, 0, 0, 0, 0, 0, 0, 0, 0, 0, 0, 1, 0, 0, 0, 0, 0, 0, 0, 0, 0, 0, 0, 0, 0, 0, 0, 0, 0, 0, 0, 0, 0, 0, 0, 0, 0, 0, 0, 0, 1, 0, 0, 0, 0, 0, 0, 0, 0, 1, 0, 0, 0, 0, 0, 0, 0, 1, 0, 0, 1, 1, 0, 1, 0, 0, 0, 0, 0, 0, 0, 0, 0, 1, 0, 0, 0, 0, 1, 0, 0, 0, 0, 0, 0, 0, 0, 0, 0, 0, 0, 0, 0, 0, 0, 1, 0, 1, 0, 0, 1, 1, 0, 0, 0, 1, 0, 0, 1, 0, 1, 1, 0, 0, 0, 0, 0, 0, 0, 0, 0, 0, 0, 0, 0, 0, 0, 0, 1, 0, 0, 0, 0, 0, 0, 0, 0, 0, 0, 0, 0, 0, 0, 0, 0, 0, 1, 0, 0, 0, 0, 0, 0, 0, 0, 0, 0, 0, 0, 0, 0, 0, 0, 0, 0, 0, 0, 0, 0, 0, 0, 0, 0, 0, 0, 0, 0, 0, 0, 0, 0, 0, 0, 0, 0, 0, 0, 0, 0, 0, 0, 0, 0, 0, 0, 0, 0, 0, 0, 0, 0, 0, 0, 0, 0, 0, 0, 0, 0, 0, 0, 0, 0, 0, 0, 0, 0, 0, 0, 0, 0, 1, 0, 0, 0, 0, 0, 1, 0, 0, 0, 0, 0, 0, 0, 0, 0, 0, 0, 0, 0, 0, 0, 0, 0, 0, 0, 0, 1, 0, 0, 0, 0, 0, 0, 0, 0, 0, 0, 0, 0, 0, 0, 0, 0, 0, 0, 0, 0, 0, 0, 0, 0, 0, 0, 1, 0, 0, 1, 0, 0, 0, 0, 0, 0, 1, 0, 0, 1, 0, 0, 0, 0, 0, 0, 0, 0, 0, 0, 0, 0, 0, 0, 0, 0, 0, 0, 0, 0, 0, 0, 0, 0, 0, 0, 0, 0, 0, 0, 0, 0, 0, 0, 0, 0, 0, 0, 0, 0, 0, 0, 1, 0, 0, 0, 0, 0, 0, 0, 0, 0, 0, 0, 0, 0, 0, 0, 0, 0, 0, 0, 0, 0, 0, 0, 0, 0, 0, 1, 0, 0, 0, 0, 0, 1, 0, 0, 0, 0, 0, 0, 0, 0, 0, 1, 1, 0, 0, 1, 0, 0, 0, 1, 0, 0, 0, 0, 0, 0, 0, 0, 0, 0, 0, 0, 1, 0, 0, 0, 0, 0, 0, 0, 0, 0, 0, 0, 0, 0, 0, 0, 0, 0, 0, 0, 0, 0, 1, 0, 0, 1, 1, 0, 0, 0, 0, 0, 0, 0, 0, 0, 0, 0, 0, 0, 0, 0, 0, 0, 0, 0, 0, 0, 0]
[0, 0, 0, 0, 0, 0, 0, 0, 0, 0, 0, 0, 0, 0, 0, 0, 0, 0, 0, 0, 0, 0, 0, 0, 0, 0, 0, 0, 0, 0, 0, 0, 0, 0, 0, 0, 0, 0, 0, 0, 0, 0, 0, 0, 0, 0, 0, 0, 0, 0, 0, 0, 0, 0, 0, 0, 0, 0, 0, 1, 0, 0, 0, 0, 0, 0, 0, 0, 0, 0, 0, 0, 0, 0, 0, 1, 0, 0, 0, 0, 0, 0, 0, 0, 0, 0, 0, 0, 0, 0, 0, 0, 0, 0, 0, 0, 0, 0, 0, 0, 0, 0, 0, 0, 0, 0, 0, 0, 0, 0, 0, 1, 0, 1, 1, 0, 1, 1, 1, 0, 0, 0, 0, 0, 0, 0, 0, 0, 0, 0, 0, 0, 0, 0, 0, 0, 0, 0, 0, 0, 0, 0, 0, 1, 0, 0, 1, 0, 0, 0, 0, 0, 1, 0, 0, 1, 0, 0, 0, 0, 0, 0, 0, 0, 0, 0, 0, 0, 1, 0, 0, 0, 1, 0, 0, 1, 0, 0, 0, 0, 0, 0, 0, 0, 0, 0, 0, 0, 0, 0, 0, 0, 0, 0, 0, 0, 0, 0, 0, 0, 1, 0, 0, 0, 0, 0, 0, 0, 1, 0, 0, 0, 0, 1, 0, 0, 0, 0, 0, 0, 0, 0, 0, 0, 0, 0, 0, 0, 0, 0, 0, 0, 0, 0, 0, 0, 0, 0, 0, 0, 0, 0, 0, 1, 0, 0, 1, 1, 0, 1, 0, 0, 0, 0, 0, 0, 0, 0, 0, 0, 0, 0, 0, 0, 0, 0, 0, 1, 0, 0, 1, 0, 0, 0, 1, 0, 0, 0, 0, 0, 0, 1, 1, 0, 0, 1, 0, 0, 0, 0, 0, 0, 0, 0, 0, 0, 0, 1, 0, 0, 0, 0, 1, 0, 0, 0, 0, 0, 1, 0, 0, 0, 0, 0, 0, 0, 0, 0, 0, 0, 0, 0, 1, 0, 0, 0, 0, 0, 1, 0, 0, 0, 0, 0, 0, 0, 0, 0, 0, 0, 0, 1, 0, 0, 0, 0, 1, 0, 0, 0, 0, 1, 0, 0, 1, 0, 0, 0, 0, 0, 0, 0, 0, 0, 0, 0, 0, 0, 0, 0, 1, 0, 0, 0, 0, 0, 0, 0, 1, 0, 0, 0, 0, 0, 0, 0, 0, 0, 0, 0, 0, 0, 1, 0, 0, 0, 0, 0, 0, 0, 0, 0, 0, 0, 0, 0, 0, 0, 0, 0, 0, 0, 0, 0, 0, 0, 0, 0, 0, 1, 0, 0, 0, 0, 0, 1, 0, 0, 0, 0, 0, 0, 0, 0, 0, 0, 0, 0, 0, 0, 0, 0, 0, 0, 0, 0, 0, 0, 0, 0, 0, 0, 0, 0, 0, 0, 0, 0, 0, 0, 0, 1, 0, 0, 1, 0, 1, 1, 0, 0, 0, 0, 0, 0, 0, 0, 0, 0, 0, 0, 0, 0, 0, 0, 0, 0, 0, 0, 0, 0, 0, 0, 0, 0, 0, 0, 0, 0, 0, 0, 0, 0, 0, 0, 0, 0, 0, 0, 0, 0, 0, 0, 0, 0, 1, 0, 0, 0, 0, 0, 0, 0, 0, 0, 0, 0, 0, 0, 0, 0, 0, 0, 0, 0, 0, 1, 0, 0, 0, 0, 0, 0, 0, 0, 0, 0, 0, 0, 0, 0, 0, 0, 0, 0, 0, 0, 0, 0, 0, 0, 0, 0, 0, 0, 0, 0, 0, 0, 0, 0, 0, 0, 0, 0, 0, 0, 0, 0, 0, 0, 0, 0, 0, 0, 0, 0, 0, 0, 0, 0, 0, 0, 0, 1, 0, 0, 0, 0, 0, 0, 0, 0, 0, 0, 0, 0, 0, 0, 0, 0, 0, 0, 0, 0, 0, 0, 0, 0, 0, 0, 0, 0, 0, 0, 0, 0, 0, 0, 0, 0, 0, 0, 1, 0, 0, 0, 0, 0, 1, 0, 0, 0, 0, 0, 0, 0, 0, 0, 0, 0, 1, 0, 0, 0, 1, 0, 0, 0, 1, 1, 0, 0, 0, 0, 0, 0, 0, 0, 0, 1, 0, 0, 0, 0, 0, 1, 0, 0, 0, 0, 0, 0, 0, 0, 0, 1, 0, 0, 0, 0, 0, 0, 1, 0, 0, 0, 0, 0, 1, 0, 0, 0, 0, 0, 0, 0, 0, 0, 0, 0, 1, 0, 0, 0, 0, 0, 0, 0, 0, 1, 0, 0, 0, 0, 0, 1, 0, 0, 0, 0, 0, 0, 0, 0, 0, 0, 0, 0, 0, 0, 0, 0, 0, 0, 0, 0, 0, 0, 0, 0, 0, 0, 0, 0, 0, 0, 0, 0, 0, 0, 1, 0, 0, 0, 0, 0, 0, 0, 1, 0, 0, 0, 0, 1, 0, 0, 1, 0, 0, 0, 0, 0, 0, 0, 0, 0, 1, 0, 0, 0, 1, 0, 0, 0, 1, 0, 0, 0, 1, 0, 1, 0, 0, 0, 0, 0, 0, 0, 0, 1, 0, 0, 0, 0, 0, 0, 0, 0, 0, 0, 0, 1, 0, 1, 0, 0, 0, 0, 0, 0, 0, 0, 0, 0, 0, 0, 0, 0, 0, 0, 1, 0, 0, 0, 0, 0, 0, 0, 1, 0, 0, 0, 0, 0, 0, 0, 0, 0, 0, 1, 0, 0, 0, 0, 0, 0, 0, 0, 0, 1, 0, 0, 0, 0, 0, 0, 0, 0, 0, 0, 0, 0, 0, 1, 0, 0, 1, 0, 0, 0, 0, 0, 0, 0, 0, 0, 0, 0, 0, 0, 0, 0, 0, 0, 0, 0, 0, 0, 0, 0, 0, 0, 0, 0, 0, 0, 0, 0, 0, 0, 0, 0, 0, 0, 0, 0, 0, 0, 0, 0, 0, 0, 0, 0, 0, 0, 0, 0, 0, 1, 0, 0, 1, 0, 0, 0, 0, 0, 0, 0, 1, 0, 0, 0, 0, 0, 0, 0, 0, 0, 0, 0, 0, 1, 0, 0, 1, 0, 0, 0, 0, 1, 0, 0, 0, 1, 0, 0, 0, 0, 0, 0, 0, 0, 0, 0, 0, 0, 0, 0, 0, 0, 0, 1, 1, 0, 1, 0, 0, 0]
solution X:
[1, 1, 1, 1, 1, 1, 1, 1, 1, 1]
lowerbound:
[-754945.3125]
GAP:
[246.16842775271544]
